WellIds: 0 1 2
Node 0 ( 0 0 0 )
Node 1 ( 1 1 1 )
  -> 0 (0.696498)
Node 2 ( 2 2 2 )
  -> 1 (0.659895)
Node 3 ( 3 3 3 )
  -> 2 (0.611907)
Node 4 ( 4 4 4 )
  -> 3 (0.555558)
Node 5 ( 5 5 5 )
  -> 4 (0.494378)
Node 6 ( 6 6 5 )
  -> 5 (0.429978)
Node 7 ( 7 7 5 )
  -> 6 (0.358023)
Node 8 ( 8 8 5 )
  -> 7 (0.282892)
Node 9 ( 9 9 5 )
  -> 8 (0.209207)
Node 10 ( 9 10 5 )
  -> 9 (0.179684)
Node 11 ( 9 11 5 )
  -> 10 (0.149411)
Node 12 ( 9 12 6 )
  -> 11 (0.119531)
Node 13 ( 9 13 6 )
  -> 12 (0.0899928)
Node 14 ( 9 14 6 )
  -> 13 (0.0645384)
Node 15 ( 9 14 7 )
  -> 13 (0.0645384)
Node 16 ( 9 15 7 )
  -> 15 (0.0410697)
  -> 14 (0.0410697)
Node 17 ( 9 16 7 )
  -> 16 (0.0238491)
Node 18 ( 9 17 8 )
  -> 17 (0.0101054)
Node 19 ( 9 18 8 )
  -> 18 (0.00328806)
Node 20 ( 9 18 9 )
  -> 18 (0.00328806)
Node 21 ( 9 19 9 )
  -> 20 (0)
  -> 19 (0)
Node 22 ( 9 20 10 )
  -> 21 (0.00302953)
Node 23 ( 9 21 11 )
  -> 22 (0.0114317)
Node 24 ( 9 22 12 )
  -> 23 (0.0239659)
Node 25 ( 9 23 13 )
  -> 24 (0.0391907)
Node 26 ( 9 24 14 )
  -> 25 (0.0555556)
Node 27 ( 9 25 15 )
  -> 26 (0.0715151)
Node 28 ( 9 26 16 )
  -> 27 (0.0856318)
Node 29 ( 9 27 17 )
  -> 28 (0.096671)
Node 30 ( 9 28 18 )
  -> 29 (0.103692)
Node 31 ( 9 29 19 )
  -> 30 (0.106101)
Node 32 ( 9 30 20 )
  -> 31 (0.103692)
Node 33 ( 9 31 21 )
  -> 32 (0.096671)
Node 34 ( 9 32 22 )
  -> 33 (0.0856318)
Node 35 ( 9 33 23 )
  -> 34 (0.0715151)
Node 36 ( 9 34 24 )
  -> 35 (0.0555556)
Node 37 ( 10 35 25 )
  -> 36 (0.0651822)
Node 38 ( 10 36 26 )
  -> 37 (0.045008)
Node 39 ( 10 37 27 )
  -> 38 (0.0269816)
Node 40 ( 10 38 28 )
  -> 39 (0.0126299)
Node 41 ( 10 39 29 )
  -> 40 (0.00328806)
Node 42 ( 10 40 30 )
  -> 41 (0)
Node 43 ( 11 41 31 )
  -> 42 (0)
Node 44 ( 12 42 32 )
  -> 43 (0)
Node 45 ( 13 43 33 )
  -> 44 (0)
Node 46 ( 14 44 34 )
  -> 45 (0)
Node 47 ( 15 45 35 )
  -> 46 (0)
Node 48 ( 16 46 36 )
  -> 47 (0)
Node 49 ( 17 47 37 )
  -> 48 (0)
Node 50 ( 18 48 38 )
  -> 49 (0)
Node 51 ( 19 49 39 )
  -> 50 (0)
Node 52 ( 20 50 40 )
  -> 51 (0)
Node 53 ( 21 51 41 )
  -> 52 (0)
Node 54 ( 22 52 42 )
  -> 53 (0)
Node 55 ( 23 53 43 )
  -> 54 (0)
Node 56 ( 24 54 44 )
  -> 55 (0)
Node 57 ( 25 55 45 )
  -> 56 (0)
Node 58 ( 26 56 46 )
  -> 57 (0)
Node 59 ( 27 57 47 )
  -> 58 (0)
Node 60 ( 28 58 48 )
  -> 59 (0)
Node 61 ( 29 59 49 )
  -> 60 (0)
Node 62 ( 30 59 49 )
  -> 61 (0.001424)
Node 63 ( 30 59 50 )
  -> 61 (0.001424)
Node 64 ( 31 59 50 )
  -> 62 (0.00491511)
  -> 63 (0.00491511)
Node 65 ( 32 59 51 )
  -> 64 (0.0127111)
Node 66 ( 33 59 51 )
  -> 65 (0.0245679)
Node 67 ( 34 59 52 )
  -> 66 (0.0417862)
Node 68 ( 35 60 53 )
  -> 67 (0.0491198)
Node 69 ( 35 61 53 )
  -> 68 (0.0337958)
Node 70 ( 35 62 54 )
  -> 69 (0.0208507)
Node 71 ( 35 63 54 )
  -> 70 (0.00947375)
Node 72 ( 35 64 54 )
  -> 71 (0.00328806)
Node 73 ( 35 64 55 )
  -> 71 (0.00328806)
Node 74 ( 35 65 55 )
  -> 72 (0)
  -> 73 (0)
Node 75 ( 36 66 56 )
  -> 74 (0)
Node 76 ( 37 67 57 )
  -> 75 (0)
Node 77 ( 38 68 58 )
  -> 76 (0)
Node 78 ( 39 69 59 )
  -> 77 (0)
Node 79 ( 40 70 60 )
  -> 78 (0)
Node 80 ( 41 71 61 )
  -> 79 (0)
Node 81 ( 42 72 62 )
  -> 80 (0)
Node 82 ( 43 73 63 )
  -> 81 (0)
Node 83 ( 44 74 64 )
  -> 82 (0)
Node 84 ( 45 75 65 )
  -> 83 (0)
Node 85 ( 46 76 66 )
  -> 84 (0)
Node 86 ( 47 77 67 )
  -> 85 (0)
Node 87 ( 48 78 68 )
  -> 86 (0)
Node 88 ( 49 79 69 )
  -> 87 (0)
Node 89 ( 50 80 70 )
  -> 88 (0)
Node 90 ( 51 81 71 )
  -> 89 (0)
Node 91 ( 52 82 72 )
  -> 90 (0)
Node 92 ( 53 83 73 )
  -> 91 (0)
Node 93 ( 54 84 74 )
  -> 92 (0)
Node 94 ( 55 85 75 )
  -> 93 (0)
Node 95 ( 56 86 76 )
  -> 94 (0)
Node 96 ( 57 87 77 )
  -> 95 (0)
Node 97 ( 58 88 78 )
  -> 96 (0)
Node 98 ( 59 89 79 )
  -> 97 (0)
Node 99 ( 60 89 80 )
  -> 98 (0.00328806)
Node 100 ( 61 89 80 )
  -> 99 (0.0101054)
Node 101 ( 62 89 81 )
  -> 100 (0.0238491)
Node 102 ( 63 89 81 )
  -> 101 (0.0410697)
Node 103 ( 64 89 82 )
  -> 102 (0.0645384)
Node 104 ( 65 89 82 )
  -> 103 (0.0899928)
Node 105 ( 66 89 82 )
  -> 104 (0.119531)
Node 106 ( 67 89 83 )
  -> 105 (0.149411)
Node 107 ( 68 89 83 )
  -> 106 (0.179684)
Node 108 ( 69 89 84 )
  -> 107 (0.20911)
Node 109 ( 70 90 85 )
  -> 108 (0.190042)
Node 110 ( 71 91 86 )
  -> 109 (0.166526)
Node 111 ( 72 92 87 )
  -> 110 (0.140036)
Node 112 ( 73 93 88 )
  -> 111 (0.112239)
Node 113 ( 74 94 89 )
  -> 112 (0.0848807)
Node 114 ( 75 94 90 )
  -> 113 (0.0890933)
Node 115 ( 76 94 91 )
  -> 114 (0.0913186)
Node 116 ( 77 94 92 )
  -> 115 (0.0913186)
Node 117 ( 78 94 93 )
  -> 116 (0.0890933)
Node 118 ( 79 94 94 )
  -> 117 (0.0848807)
Node 119 ( 80 94 95 )
  -> 118 (0.0791347)
Node 120 ( 81 94 96 )
  -> 119 (0.0725037)
Node 121 ( 82 94 97 )
  -> 120 (0.0657758)
Node 122 ( 83 94 98 )
  -> 121 (0.0598253)
Node 123 ( 84 94 99 )
  -> 122 (0.0555556)
Node 124 ( 85 94 99 )
  -> 123 (0.0723592)
Node 125 ( 86 94 99 )
  -> 124 (0.0963876)
Node 126 ( 87 94 99 )
  -> 125 (0.127588)
Node 127 ( 88 94 99 )
  -> 126 (0.16547)
Node 128 ( 89 94 99 )
  -> 127 (0.20911)
Node 129 ( 90 94 99 )
  -> 128 (0.257185)
Node 130 ( 91 94 99 )
  -> 129 (0.308044)
Node 131 ( 92 94 99 )
  -> 130 (0.359771)
Node 132 ( 93 94 99 )
  -> 131 (0.410315)
Node 133 ( 94 94 99 )
  -> 132 (0.457563)
Node 134 ( 95 95 99 )
  -> 133 (0.520294)
Node 135 ( 96 96 99 )
  -> 134 (0.582897)
Node 136 ( 97 97 99 )
  -> 135 (0.640949)
Node 137 ( 98 98 99 )
  -> 136 (0.690288)
Node 138 ( 99 99 99 )
  -> 137 (0.727234)
