WeCo WellList 2
7
B10
20
653712.400000 4353546.000000 1726.220000 25.080000
5
MD 20
1726.220000
1727.605000
1728.260000
1730.225000
1732.280000
1732.595000
1732.965000
1733.325000
1734.040000
1735.665000
1737.070000
1738.575000
1740.255000
1741.800000
1745.855000
1749.080000
1749.635000
1750.225000
1750.755000
1751.300000
FACIES 20
4.000000
2.000000
1.000000
5.000000
2.000000
1.000000
2.000000
1.000000
4.000000
4.000000
2.000000
3.000000
2.000000
3.000000
3.000000
1.000000
2.000000
1.000000
2.000000
1.000000
DISTALITY 20
4.000000
1.000000
1.000000
2.000000
1.000000
1.000000
1.000000
1.000000
4.000000
4.000000
1.000000
3.000000
1.000000
3.000000
3.000000
1.000000
1.000000
1.000000
1.000000
1.000000
ZONE 20
1.000000
1.000000
1.000000
2.000000
2.000000
2.000000
2.000000
2.000000
3.000000
4.000000
4.000000
4.000000
4.000000
5.000000
6.000000
0.000000
0.000000
0.000000
0.000000
0.000000
SEQSTRAT 20
0.000000
0.000000
0.000000
6.000000
6.000000
6.000000
6.000000
6.000000
5.000000
3.000000
3.000000
3.000000
3.000000
2.000000
1.000000
1.000000
1.000000
1.000000
1.000000
1.000000
3
ZONE 6
1 0 3
2 3 5
3 8 1
4 9 4
5 13 1
6 14 1
FACIES 18
4 0 1
2 1 1
1 2 1
5 3 1
2 4 1
1 5 1
2 6 1
1 7 1
4 8 2
2 10 1
3 11 1
2 12 1
3 13 2
1 15 1
2 16 1
1 17 1
2 18 1
1 19 1
SEQSTRAT 5
6 3 5
5 8 1
3 9 4
2 13 1
1 14 6
B11
21
653159.800000 4354096.000000 1731.635000 29.680000
5
MD 21
1731.635000
1732.520000
1732.905000
1733.435000
1734.035000
1735.515000
1738.285000
1740.165000
1740.920000
1743.470000
1745.830000
1747.030000
1748.310000
1748.695000
1748.875000
1749.455000
1750.520000
1755.375000
1756.200000
1757.555000
1761.315000
FACIES 21
2.000000
6.000000
2.000000
6.000000
2.000000
7.000000
2.000000
4.000000
2.000000
4.000000
1.000000
3.000000
1.000000
2.000000
1.000000
3.000000
3.000000
3.000000
2.000000
3.000000
3.000000
DISTALITY 21
1.000000
2.000000
1.000000
2.000000
1.000000
1.000000
1.000000
4.000000
1.000000
4.000000
1.000000
3.000000
1.000000
1.000000
1.000000
3.000000
3.000000
3.000000
1.000000
3.000000
3.000000
ZONE 21
0.000000
0.000000
0.000000
0.000000
0.000000
0.000000
0.000000
1.000000
1.000000
1.000000
1.000000
2.000000
2.000000
2.000000
2.000000
3.000000
4.000000
4.000000
4.000000
5.000000
6.000000
SEQSTRAT 21
0.000000
0.000000
0.000000
0.000000
0.000000
0.000000
0.000000
7.000000
7.000000
7.000000
7.000000
6.000000
6.000000
6.000000
6.000000
5.000000
3.000000
3.000000
3.000000
2.000000
0.000000
3
ZONE 6
1 7 4
2 11 4
3 15 1
4 16 3
5 19 1
6 20 1
FACIES 18
2 0 1
6 1 1
2 2 1
6 3 1
2 4 1
7 5 1
2 6 1
4 7 1
2 8 1
4 9 1
1 10 1
3 11 1
1 12 1
2 13 1
1 14 1
3 15 3
2 18 1
3 19 2
SEQSTRAT 5
7 7 4
6 11 4
5 15 1
3 16 3
2 19 1
B3
16
652945.200000 4355266.000000 1788.050000 22.100000
5
MD 16
1788.050000
1790.675000
1791.800000
1792.250000
1792.675000
1792.950000
1793.250000
1794.750000
1796.275000
1796.725000
1797.650000
1799.275000
1800.575000
1802.300000
1806.850000
1810.150000
FACIES 16
7.000000
7.000000
2.000000
6.000000
1.000000
2.000000
1.000000
5.000000
2.000000
6.000000
2.000000
4.000000
2.000000
3.000000
3.000000
2.000000
DISTALITY 16
1.000000
1.000000
1.000000
2.000000
1.000000
1.000000
1.000000
2.000000
1.000000
2.000000
1.000000
4.000000
1.000000
3.000000
3.000000
1.000000
ZONE 16
1.000000
2.000000
2.000000
2.000000
2.000000
2.000000
2.000000
3.000000
4.000000
4.000000
4.000000
4.000000
4.000000
5.000000
6.000000
0.000000
SEQSTRAT 16
0.000000
0.000000
0.000000
0.000000
0.000000
0.000000
0.000000
5.000000
3.000000
3.000000
3.000000
3.000000
3.000000
2.000000
0.000000
0.000000
3
ZONE 6
1 0 1
2 1 6
3 7 1
4 8 5
5 13 1
6 14 1
FACIES 14
7 0 2
2 2 1
6 3 1
1 4 1
2 5 1
1 6 1
5 7 1
2 8 1
6 9 1
2 10 1
4 11 1
2 12 1
3 13 2
2 15 1
SEQSTRAT 3
5 7 1
3 8 5
2 13 1
B5
18
653093.600000 4354820.000000 1774.320000 26.785000
5
MD 18
1774.320000
1774.885000
1775.180000
1775.390000
1775.715000
1776.130000
1778.970000
1782.050000
1783.335000
1784.290000
1784.540000
1784.770000
1786.150000
1787.765000
1794.950000
1798.110000
1800.845000
1801.105000
FACIES 18
2.000000
6.000000
2.000000
6.000000
2.000000
6.000000
5.000000
2.000000
3.000000
1.000000
2.000000
1.000000
5.000000
4.000000
3.000000
3.000000
2.000000
1.000000
DISTALITY 18
1.000000
2.000000
1.000000
2.000000
1.000000
2.000000
2.000000
1.000000
3.000000
1.000000
1.000000
1.000000
2.000000
4.000000
3.000000
3.000000
1.000000
1.000000
ZONE 18
0.000000
0.000000
0.000000
0.000000
0.000000
0.000000
1.000000
1.000000
2.000000
2.000000
2.000000
2.000000
3.000000
4.000000
5.000000
6.000000
0.000000
0.000000
SEQSTRAT 18
0.000000
0.000000
0.000000
0.000000
0.000000
0.000000
7.000000
7.000000
6.000000
6.000000
6.000000
6.000000
5.000000
3.000000
2.000000
0.000000
0.000000
0.000000
3
ZONE 6
1 6 2
2 8 4
3 12 1
4 13 1
5 14 1
6 15 1
FACIES 17
2 0 1
6 1 1
2 2 1
6 3 1
2 4 1
6 5 1
5 6 1
2 7 1
3 8 1
1 9 1
2 10 1
1 11 1
5 12 1
4 13 1
3 14 2
2 16 1
1 17 1
SEQSTRAT 5
7 6 2
6 8 4
5 12 1
3 13 1
2 14 1
B6
13
653231.700000 4353913.000000 1721.435000 25.235000
5
MD 13
1721.435000
1723.445000
1725.280000
1727.410000
1729.775000
1730.195000
1731.255000
1732.925000
1734.775000
1736.270000
1737.510000
1742.350000
1746.670000
FACIES 13
2.000000
7.000000
1.000000
7.000000
2.000000
6.000000
2.000000
4.000000
3.000000
2.000000
3.000000
3.000000
1.000000
DISTALITY 13
1.000000
1.000000
1.000000
1.000000
1.000000
2.000000
1.000000
4.000000
3.000000
1.000000
3.000000
3.000000
1.000000
ZONE 13
0.000000
1.000000
1.000000
2.000000
2.000000
2.000000
3.000000
4.000000
4.000000
5.000000
5.000000
6.000000
0.000000
SEQSTRAT 13
0.000000
7.000000
7.000000
6.000000
6.000000
6.000000
5.000000
3.000000
3.000000
3.000000
2.000000
0.000000
0.000000
3
ZONE 6
1 1 2
2 3 3
3 6 1
4 7 2
5 9 2
6 11 1
FACIES 12
2 0 1
7 1 1
1 2 1
7 3 1
2 4 1
6 5 1
2 6 1
4 7 1
3 8 1
2 9 1
3 10 2
1 12 1
SEQSTRAT 5
7 1 2
6 3 3
5 6 1
3 7 3
2 10 1
B7
15
653456.900000 4353783.000000 1725.350000 23.720000
5
MD 15
1725.350000
1727.185000
1728.795000
1730.510000
1730.845000
1731.860000
1733.095000
1734.515000
1736.250000
1737.135000
1738.615000
1740.560000
1744.600000
1748.450000
1749.070000
FACIES 15
7.000000
1.000000
5.000000
2.000000
1.000000
4.000000
2.000000
4.000000
3.000000
2.000000
3.000000
2.000000
3.000000
2.000000
1.000000
DISTALITY 15
1.000000
1.000000
2.000000
1.000000
1.000000
4.000000
1.000000
4.000000
3.000000
1.000000
3.000000
1.000000
3.000000
1.000000
1.000000
ZONE 15
1.000000
1.000000
2.000000
2.000000
2.000000
3.000000
3.000000
4.000000
4.000000
4.000000
5.000000
5.000000
6.000000
0.000000
0.000000
SEQSTRAT 15
0.000000
0.000000
6.000000
6.000000
6.000000
5.000000
4.000000
3.000000
3.000000
3.000000
2.000000
2.000000
0.000000
0.000000
0.000000
3
ZONE 6
1 0 2
2 2 3
3 5 2
4 7 3
5 10 2
6 12 1
FACIES 15
7 0 1
1 1 1
5 2 1
2 3 1
1 4 1
4 5 1
2 6 1
4 7 1
3 8 1
2 9 1
3 10 1
2 11 1
3 12 1
2 13 1
1 14 1
SEQSTRAT 5
6 2 3
5 5 1
4 6 1
3 7 3
2 10 2
B9
13
653665.500000 4352619.000000 1715.825000 17.225000
5
MD 13
1715.825000
1716.900000
1717.550000
1719.250000
1720.900000
1721.100000
1722.075000
1724.175000
1725.675000
1727.050000
1728.325000
1729.300000
1733.050000
FACIES 13
3.000000
2.000000
1.000000
5.000000
1.000000
2.000000
3.000000
4.000000
2.000000
8.000000
2.000000
3.000000
3.000000
DISTALITY 13
3.000000
1.000000
1.000000
2.000000
1.000000
1.000000
3.000000
4.000000
1.000000
4.000000
1.000000
3.000000
3.000000
ZONE 13
1.000000
1.000000
1.000000
2.000000
2.000000
3.000000
3.000000
4.000000
4.000000
4.000000
4.000000
5.000000
6.000000
SEQSTRAT 13
7.000000
7.000000
7.000000
6.000000
6.000000
6.000000
5.000000
3.000000
3.000000
3.000000
3.000000
2.000000
0.000000
3
ZONE 6
1 0 3
2 3 2
3 5 2
4 7 4
5 11 1
6 12 1
FACIES 12
3 0 1
2 1 1
1 2 1
5 3 1
1 4 1
2 5 1
3 6 1
4 7 1
2 8 1
8 9 1
2 10 1
3 11 2
SEQSTRAT 5
7 0 3
6 3 3
5 6 1
3 7 4
2 11 1
END
