WeCo WellList 2
8
QW_001
73
193.869130 232.602350 31.766670 36.500000
8
DEPTH 73
0.000000
0.500000
1.000000
1.500000
2.000000
2.500000
3.000000
3.500000
4.000000
4.500000
5.000000
5.500000
6.000000
6.500000
7.000000
7.500000
8.000000
8.500000
9.000000
9.500000
10.000000
10.500000
11.000000
11.500000
12.000000
12.500000
13.000000
13.500000
14.000000
14.500000
15.000000
15.500000
16.000000
16.500000
17.000000
17.500000
18.000000
18.500000
19.000000
19.500000
20.000000
20.500000
21.000000
21.500000
22.000000
22.500000
23.000000
23.500000
24.000000
24.500000
25.000000
25.500000
26.000000
26.500000
27.000000
27.500000
28.000000
28.500000
29.000000
29.500000
30.000000
30.500000
31.000000
31.500000
32.000000
32.500000
33.000000
33.500000
34.000000
34.500000
35.000000
35.500000
36.000000
GR 73
20.071610
113.300400
114.985640
51.315780
42.451220
45.947880
105.307740
58.590810
110.577100
13.219450
16.030850
37.755420
33.055200
37.059470
22.882970
38.579230
54.456030
17.107000
21.632290
46.139750
23.634010
91.936460
68.897630
94.607180
110.605740
75.342840
74.650290
85.596190
102.645860
88.076550
77.774750
127.896190
85.105700
108.005740
97.207440
98.561750
91.832690
75.875320
85.595230
96.824890
87.096040
96.507060
84.603560
103.652010
110.213090
86.587770
59.586100
27.291290
52.777270
40.113490
50.641780
52.486110
34.444910
32.611800
39.621110
44.351400
38.409500
104.218860
75.858870
7.486370
103.430830
119.352960
79.960550
121.882780
13.728080
95.086310
112.125110
90.512130
73.119340
82.116630
117.408980
122.771610
114.490410
RT 73
17.541150
21.793330
18.427880
110.972700
80.621860
122.406990
46.853510
60.608930
24.001460
135.555600
222.672990
120.392000
85.893190
104.863450
137.941360
75.800640
115.375310
142.263700
235.986370
99.964710
41.463490
22.997540
25.266770
40.361580
47.309880
50.411640
42.297330
58.552080
41.976950
35.663170
32.003080
53.613760
15.803090
9.640080
21.160750
42.441950
38.469050
40.479320
38.532610
51.184410
31.884230
60.310770
64.553040
45.661790
36.253410
28.450570
64.644180
110.090900
69.541310
142.777510
144.422280
49.311860
192.605410
87.598200
142.525440
63.501020
118.796930
41.634550
39.406120
7.566360
4.427140
14.934270
34.563100
16.257890
8.567970
33.483510
35.584950
34.744860
29.584350
54.543050
39.249490
20.668730
25.973110
SPT 73
3.710180
7.128840
4.792490
7.895680
11.364380
37.892350
44.183250
9.530850
50.093690
57.024270
66.504340
40.635260
10.241940
33.098380
81.012290
45.820650
11.001760
36.081610
48.174030
21.572800
31.374080
25.775540
39.825150
50.349940
45.777710
44.555740
55.005930
49.992580
51.577580
45.392550
38.336680
63.299270
41.453270
7.352650
50.668000
22.823110
44.544360
18.373720
33.548670
62.277380
41.497450
63.926060
46.331750
29.646740
27.727590
25.402610
21.223490
21.182470
24.353980
35.201520
19.063790
16.847000
31.895560
3.611360
23.085540
17.506690
34.127950
43.843140
29.264340
0.000000
3.042430
9.709450
45.762380
6.898600
2.126770
49.325030
8.248790
58.721560
40.372510
38.464070
28.274910
2.615270
0.000000
COND 73
0.000000
0.000000
0.000000
0.000020
0.000010
0.000830
0.000000
0.000020
0.000000
0.027920
0.021580
0.000970
0.000080
0.000710
0.133830
0.000080
0.000470
0.000210
0.059050
0.000290
0.000760
0.000000
0.000000
0.000000
0.000000
0.000000
0.000000
0.000000
0.000000
0.000000
0.000000
0.000000
0.000000
0.000000
0.000000
0.000000
0.000000
0.000000
0.000000
0.000000
0.000000
0.000000
0.000000
0.000000
0.000000
0.000000
0.000010
0.001090
0.000010
0.000620
0.000190
0.000020
0.000840
0.000250
0.000710
0.000010
0.000470
0.000000
0.000000
0.000000
0.000000
0.000000
0.000000
0.000000
0.000000
0.000000
0.000000
0.000000
0.000000
0.000000
0.000000
0.000000
0.000000
MS 73
4.488360
38.423220
60.125740
33.087220
35.175190
21.149430
115.246500
41.564910
131.539100
11.956920
11.853950
9.874910
23.067520
18.605860
12.642510
24.913960
28.445280
16.043530
25.449980
28.066340
39.599450
80.965170
120.514930
148.236720
148.970730
131.827960
109.520880
99.427220
162.572600
66.142050
58.092510
158.356830
54.278670
55.097630
71.252860
151.196640
125.376630
123.818820
149.794580
102.408540
116.832820
142.485780
124.050480
186.721990
75.225170
102.655320
43.200380
31.042740
55.122390
10.697610
29.907780
40.320450
8.737090
41.238260
26.156680
27.294790
44.606750
139.360190
153.236090
9.868100
52.050050
24.090020
127.936860
68.962490
16.787920
59.725150
45.603660
153.446960
98.923420
144.668910
79.067330
38.453340
71.449710
WC 73
75.167270
25.328490
40.259250
13.728100
20.153300
13.497190
21.187120
23.364970
26.491760
5.924080
5.864040
12.654820
10.506120
10.007420
5.298930
10.726830
17.298940
9.516100
4.423200
3.792880
4.151670
34.269460
14.791810
13.307420
27.052890
16.055320
28.312830
32.937930
21.701550
28.962370
13.916550
21.002110
16.426020
44.763830
20.924720
18.159460
14.466990
25.221350
18.771650
13.012060
11.058250
17.479050
25.667460
22.085410
11.101050
25.114780
13.004550
14.825880
10.675840
10.722210
11.631980
21.636130
9.470080
13.864300
14.784060
9.963110
13.308990
22.506300
26.412310
52.519260
47.811440
32.175820
20.229910
35.684320
89.464900
14.468500
32.710360
19.624900
31.009150
20.559990
14.528560
37.225710
45.855930
FACIES 73
6.000000
5.000000
5.000000
3.000000
3.000000
2.000000
4.000000
3.000000
4.000000
1.000000
1.000000
2.000000
2.000000
2.000000
1.000000
2.000000
2.000000
2.000000
1.000000
2.000000
2.000000
4.000000
4.000000
4.000000
4.000000
4.000000
4.000000
4.000000
4.000000
4.000000
4.000000
4.000000
4.000000
5.000000
4.000000
4.000000
4.000000
4.000000
4.000000
4.000000
4.000000
4.000000
4.000000
4.000000
4.000000
4.000000
3.000000
2.000000
3.000000
2.000000
2.000000
3.000000
2.000000
2.000000
2.000000
3.000000
2.000000
4.000000
4.000000
6.000000
5.000000
5.000000
4.000000
5.000000
6.000000
4.000000
5.000000
4.000000
4.000000
4.000000
4.000000
5.000000
5.000000
3
FACIES 34
6 0 1
5 1 2
3 3 2
2 5 1
4 6 1
3 7 1
4 8 1
1 9 2
2 11 3
1 14 1
2 15 3
1 18 1
2 19 2
4 21 12
5 33 1
4 34 12
3 46 1
2 47 1
3 48 1
2 49 2
3 51 1
2 52 3
3 55 1
2 56 1
4 57 2
6 59 1
5 60 2
4 62 1
5 63 1
6 64 1
4 65 1
5 66 1
4 67 4
5 71 2
STRAT 4
1 0 4
2 4 17
4 21 36
5 57 16
HYDRO 17
3 0 3
2 3 2
1 5 1
3 6 1
2 7 1
3 8 1
1 9 12
3 21 25
2 46 1
1 47 1
2 48 1
1 49 2
2 51 1
1 52 3
2 55 1
1 56 1
3 57 16
QW_004
85
243.355190 1709.736970 18.898840 42.500000
8
DEPTH 85
0.000000
0.500000
1.000000
1.500000
2.000000
2.500000
3.000000
3.500000
4.000000
4.500000
5.000000
5.500000
6.000000
6.500000
7.000000
7.500000
8.000000
8.500000
9.000000
9.500000
10.000000
10.500000
11.000000
11.500000
12.000000
12.500000
13.000000
13.500000
14.000000
14.500000
15.000000
15.500000
16.000000
16.500000
17.000000
17.500000
18.000000
18.500000
19.000000
19.500000
20.000000
20.500000
21.000000
21.500000
22.000000
22.500000
23.000000
23.500000
24.000000
24.500000
25.000000
25.500000
26.000000
26.500000
27.000000
27.500000
28.000000
28.500000
29.000000
29.500000
30.000000
30.500000
31.000000
31.500000
32.000000
32.500000
33.000000
33.500000
34.000000
34.500000
35.000000
35.500000
36.000000
36.500000
37.000000
37.500000
38.000000
38.500000
39.000000
39.500000
40.000000
40.500000
41.000000
41.500000
42.000000
GR 85
20.170100
11.554500
39.429080
47.199570
56.145950
100.646170
61.246900
47.445380
93.347690
59.170110
69.069160
96.147500
96.645680
78.291790
74.158190
66.517030
64.319610
32.948760
49.593370
50.656380
60.224200
49.562180
42.156680
20.100440
46.184400
27.893170
33.070870
48.915340
30.221230
55.474140
23.137200
33.353050
23.136540
58.861800
18.449920
26.169410
28.525090
28.748180
31.938820
34.241730
25.083250
29.757680
27.780120
44.589130
32.078480
79.356790
92.752160
117.792820
76.638630
94.342070
73.770760
81.818340
71.074550
136.446080
115.748550
117.520360
102.489230
118.845050
79.962760
91.589460
104.723990
116.192800
114.592150
90.321780
82.831530
117.842450
36.889340
73.163950
73.252580
61.024890
125.498800
33.253800
34.111900
63.216780
37.202830
78.277340
130.775770
117.739980
106.227330
98.899780
108.932930
121.287180
136.851780
66.896420
134.211190
RT 85
9.392170
5.156440
15.771880
97.605300
91.195920
18.635390
53.429890
53.444890
26.181730
40.434390
1.000000
14.310320
33.385420
39.778190
51.073030
38.738690
69.745270
104.807700
73.914170
124.490870
77.428130
76.216990
121.664060
72.022450
116.464190
71.505560
67.557460
51.779000
153.264060
82.890580
30.882840
122.788400
151.091220
56.922050
177.555300
178.225960
165.022840
224.318480
60.077650
116.255900
91.399580
137.424260
143.928940
52.224080
111.966960
40.968580
27.366830
40.988010
32.355840
34.598990
11.221990
32.415600
13.637250
53.524820
31.690730
37.508000
44.935810
41.689640
29.220540
35.255110
23.519250
11.937140
32.128280
1.000000
40.881650
9.322670
91.956940
4.256400
20.276400
56.568460
20.534830
86.183250
97.910500
46.453220
103.691480
16.487260
18.850110
24.254840
42.269030
16.235900
21.708590
1.360640
18.887650
22.374920
24.681720
SPT 85
2.079550
2.386110
2.625610
27.884430
22.641160
33.821420
17.847530
8.736970
40.067430
16.390980
20.120690
14.045830
35.083600
11.295700
25.368570
13.595170
5.538240
24.314670
21.270390
27.086220
22.008950
14.642410
11.712130
39.250100
22.129080
45.331800
34.284210
0.000000
32.954340
15.481900
87.763480
35.877780
71.508370
22.293940
54.222930
71.026880
41.145360
74.451980
26.632300
26.135900
36.939230
60.342500
42.326650
18.071610
21.587690
51.954040
33.968440
16.078230
42.773920
50.489110
48.494650
42.729580
49.073510
37.645200
39.440520
49.797030
40.069980
16.421520
27.832970
28.982000
47.205730
39.679550
57.016070
29.588320
52.409710
51.552130
24.017880
13.130630
11.973320
12.038790
19.995780
31.124250
15.247830
17.354320
26.963200
44.304950
8.782260
3.210840
61.403710
4.546230
48.963730
2.167870
5.223920
48.423350
2.512260
COND 85
0.000000
0.000000
0.000000
0.000250
0.000140
0.000000
0.000010
0.000010
0.000000
0.000040
0.000010
0.000000
0.000000
0.000010
0.000010
0.000000
0.000010
0.000530
0.000240
0.000410
0.001350
0.000930
0.000520
0.058050
0.000560
0.000690
0.000270
0.000130
0.000220
0.000210
0.067440
0.000300
0.021680
0.000260
0.008960
0.133100
0.046180
0.084280
0.000340
0.000390
0.037350
0.016930
0.021340
0.000000
0.000240
0.000000
0.000000
0.000000
0.000000
0.000000
0.000000
0.000000
0.000000
0.000000
0.000000
0.000000
0.000000
0.000000
0.000000
0.000000
0.000000
0.000000
0.000000
0.000000
0.000000
0.000000
0.000220
0.000010
0.000010
0.000010
0.000000
0.000870
0.000420
0.000010
0.000420
0.000000
0.000000
0.000000
0.000000
0.000000
0.000000
0.000000
0.000000
0.000000
0.000000
MS 85
0.000000
9.328800
12.790970
21.475180
17.088050
129.594880
47.043020
50.588270
89.783420
54.387630
55.708300
98.049400
81.875580
30.753510
43.430600
45.615880
38.697180
36.714700
22.903020
27.826910
15.419320
17.261760
20.304080
8.230280
45.621900
29.593440
26.351400
22.875400
26.780010
36.350320
5.583490
27.883350
29.544120
12.170770
21.148530
12.114590
19.377930
16.355180
22.683720
37.548010
10.384890
0.784610
30.599010
41.466410
19.969390
93.559340
96.838700
124.518940
146.881270
96.744220
118.941250
121.308510
127.500730
178.467910
116.074550
168.425720
149.663420
98.596980
133.299370
102.365800
112.050110
115.322430
100.647250
116.581050
94.449410
127.317900
29.620510
28.903950
45.651720
54.762770
83.366670
32.287410
28.307170
34.086240
31.823840
135.219220
63.970450
55.368360
109.009660
26.245710
78.627600
69.645450
67.379950
140.403740
45.094310
WC 85
100.000000
90.357600
93.176220
15.430130
12.713730
26.704880
24.434100
18.506540
15.817760
16.843510
19.399960
25.639710
23.108960
19.043600
19.669550
22.784660
18.885800
8.387600
9.034940
9.254290
12.033240
12.488770
14.624430
2.783370
10.153860
5.935980
7.559660
11.525050
10.134110
7.270820
7.196640
9.152770
3.802790
16.347580
4.172470
6.754020
4.747910
8.832100
9.316060
11.344450
3.656010
3.952730
6.901250
20.876850
0.465950
30.904880
25.962080
20.038330
15.456940
15.776150
25.462370
27.672550
12.305550
26.732960
16.613450
17.381720
17.657830
29.764730
23.698490
18.588370
18.001290
31.000200
22.424430
18.724440
19.642060
23.889030
12.912550
22.424490
12.905890
12.880820
18.494070
13.359140
15.787630
12.955850
0.189600
16.796970
36.593780
13.380920
26.394550
34.420500
30.024780
47.576270
29.663850
24.548660
30.608040
FACIES 85
6.000000
6.000000
6.000000
2.000000
2.000000
4.000000
3.000000
3.000000
4.000000
3.000000
3.000000
4.000000
4.000000
3.000000
3.000000
3.000000
3.000000
2.000000
2.000000
2.000000
2.000000
2.000000
2.000000
1.000000
2.000000
2.000000
2.000000
2.000000
2.000000
2.000000
1.000000
2.000000
1.000000
2.000000
1.000000
1.000000
1.000000
1.000000
2.000000
2.000000
1.000000
1.000000
1.000000
3.000000
2.000000
4.000000
4.000000
4.000000
4.000000
4.000000
4.000000
4.000000
4.000000
4.000000
4.000000
4.000000
4.000000
4.000000
4.000000
4.000000
4.000000
4.000000
4.000000
4.000000
4.000000
4.000000
2.000000
3.000000
3.000000
3.000000
4.000000
2.000000
2.000000
3.000000
2.000000
4.000000
5.000000
5.000000
4.000000
5.000000
4.000000
5.000000
5.000000
4.000000
5.000000
3
FACIES 35
6 0 3
2 3 2
4 5 1
3 6 2
4 8 1
3 9 2
4 11 2
3 13 4
2 17 6
1 23 1
2 24 6
1 30 1
2 31 1
1 32 1
2 33 1
1 34 4
2 38 2
1 40 3
3 43 1
2 44 1
4 45 21
2 66 1
3 67 3
4 70 1
2 71 2
3 73 1
2 74 1
4 75 1
5 76 2
4 78 1
5 79 1
4 80 1
5 81 2
4 83 1
5 84 1
STRAT 4
1 0 5
2 5 40
4 45 30
5 75 10
HYDRO 19
3 0 3
1 3 2
3 5 1
2 6 2
3 8 1
2 9 2
3 11 2
2 13 4
1 17 26
2 43 1
1 44 1
3 45 21
1 66 1
2 67 3
3 70 1
1 71 2
2 73 1
1 74 1
3 75 10
QW_006
73
239.935170 2791.792200 21.896360 36.500000
8
DEPTH 73
0.000000
0.500000
1.000000
1.500000
2.000000
2.500000
3.000000
3.500000
4.000000
4.500000
5.000000
5.500000
6.000000
6.500000
7.000000
7.500000
8.000000
8.500000
9.000000
9.500000
10.000000
10.500000
11.000000
11.500000
12.000000
12.500000
13.000000
13.500000
14.000000
14.500000
15.000000
15.500000
16.000000
16.500000
17.000000
17.500000
18.000000
18.500000
19.000000
19.500000
20.000000
20.500000
21.000000
21.500000
22.000000
22.500000
23.000000
23.500000
24.000000
24.500000
25.000000
25.500000
26.000000
26.500000
27.000000
27.500000
28.000000
28.500000
29.000000
29.500000
30.000000
30.500000
31.000000
31.500000
32.000000
32.500000
33.000000
33.500000
34.000000
34.500000
35.000000
35.500000
36.000000
GR 73
39.014870
90.651030
39.255460
132.920340
138.947510
111.104860
97.425340
93.214690
45.244550
41.809050
35.915590
37.337830
17.589480
39.944950
61.504190
24.571030
37.290820
17.878620
35.667870
34.411750
29.550160
35.888010
112.132680
135.246680
111.108020
130.624610
121.584930
101.565210
61.847270
27.987970
67.864630
36.824360
100.700710
104.940890
97.274000
101.417460
50.769270
109.589100
137.374730
111.103290
113.293380
87.843430
97.863120
131.767790
87.767520
97.927350
111.004900
126.515990
90.977690
107.715370
96.450800
104.687750
105.859640
80.653030
62.297310
73.663500
37.229420
41.760640
46.206480
49.055580
42.247470
55.792600
104.735230
100.173030
137.809090
117.843780
72.293260
107.601780
113.073820
94.348370
136.640320
118.990740
97.269030
RT 73
19.078740
8.122800
133.516560
28.020580
10.285000
26.911950
40.849120
57.008530
103.340020
131.556180
167.763540
128.293520
227.406080
79.471820
74.064600
129.484080
57.325980
171.296230
77.417180
10.475380
13.951950
15.209640
17.354390
31.179190
22.809080
15.432290
7.221230
42.973090
145.325890
74.008200
20.672800
118.984820
38.264870
28.704770
34.998830
14.009810
64.112830
44.839600
24.215150
48.003270
22.598170
72.041020
32.753830
32.568150
23.216520
24.114480
43.806920
44.178370
22.429800
48.797790
18.077270
29.844820
26.733010
46.006230
33.500540
50.253780
87.724410
137.345390
60.483390
112.702670
133.288480
117.355970
37.119190
41.151640
5.261730
22.179750
18.392660
18.152270
18.952400
37.397640
21.331930
32.768280
47.110730
SPT 73
2.875770
6.086930
22.511260
51.780610
45.159540
32.482830
61.719880
22.165060
21.952690
13.263060
16.351420
27.085180
48.555780
12.260170
8.339090
37.275150
12.482180
43.352800
23.624490
1.581820
3.358270
2.123310
4.792120
2.150830
5.743830
3.796090
3.397290
57.866880
19.668810
24.028160
21.643310
28.579910
53.143170
59.177800
47.656230
34.639630
13.732650
32.580520
51.000730
46.712320
55.112790
10.832120
48.865840
50.137140
32.567710
34.747140
40.723720
43.950080
50.148220
55.076330
47.903180
53.839630
60.133350
22.379430
18.637030
0.000000
19.502030
12.362920
30.930260
27.174410
24.240130
13.891400
46.745260
31.301230
4.333460
0.000000
53.165270
3.913820
10.956300
34.100230
40.316280
62.918980
57.149020
COND 73
0.000000
0.000000
0.000310
0.000000
0.000000
0.000000
0.000000
0.000000
0.000260
0.001250
0.000280
0.000510
0.096970
0.000270
0.000010
0.008330
0.001180
0.045630
0.000120
0.000000
0.000000
0.000000
0.000000
0.000000
0.000000
0.000000
0.000000
0.000000
0.000290
0.000570
0.000000
0.000350
0.000000
0.000000
0.000000
0.000000
0.000040
0.000000
0.000000
0.000000
0.000000
0.000010
0.000000
0.000000
0.000000
0.000000
0.000000
0.000000
0.000000
0.000000
0.000000
0.000000
0.000000
0.000010
0.000010
0.000010
0.000590
0.000100
0.000470
0.000360
0.000300
0.000380
0.000000
0.000000
0.000000
0.000000
0.000000
0.000000
0.000000
0.000000
0.000000
0.000000
0.000000
MS 73
8.388910
43.138740
30.994620
126.964250
70.800580
144.247890
147.265460
135.390940
21.680330
28.249950
32.531800
16.583770
0.000000
25.584740
26.528340
6.673900
24.211120
25.960530
17.324400
3.644340
8.286510
12.234800
39.819990
67.322140
39.677120
57.611090
22.694880
116.108030
24.487040
31.621620
28.220790
23.478920
142.864280
113.010310
102.218780
134.183230
14.750090
159.089960
104.963350
115.777890
112.426620
28.587160
102.207600
154.589430
162.514980
89.300280
82.973150
113.388010
131.389080
145.627000
156.277160
129.149940
108.798020
32.396920
42.024420
40.750750
25.764310
13.157040
29.757870
5.434190
26.017010
16.863880
177.791580
140.086430
43.116980
72.184670
145.548790
39.935740
39.453740
140.471450
136.960960
154.715900
70.598150
WC 73
61.573190
44.536250
14.755980
26.237730
19.555960
24.950050
20.523780
27.725250
14.054730
9.294180
8.795250
15.486430
3.089700
16.387810
18.151620
7.188950
13.367620
5.175520
5.084310
90.284340
100.000000
86.325700
29.213580
24.417020
34.114000
32.135360
31.860470
17.095570
10.717400
8.965980
14.825140
20.564220
16.238870
12.597650
23.153350
21.230660
18.946060
18.925320
25.874620
5.038100
19.747490
18.465630
20.722800
29.308990
26.339580
23.796710
32.239900
24.038550
29.287650
11.080380
21.289080
20.867970
22.423130
10.792230
24.929710
15.419220
9.494980
4.614190
17.522820
13.525060
9.278990
15.379910
22.388670
21.310430
35.205610
35.736530
28.905960
41.243000
33.187590
30.799990
19.085750
20.998560
23.131550
FACIES 73
6.000000
5.000000
2.000000
4.000000
4.000000
4.000000
4.000000
4.000000
2.000000
2.000000
2.000000
2.000000
1.000000
2.000000
3.000000
1.000000
2.000000
1.000000
2.000000
6.000000
6.000000
6.000000
5.000000
5.000000
5.000000
5.000000
5.000000
4.000000
2.000000
2.000000
3.000000
2.000000
4.000000
4.000000
4.000000
4.000000
3.000000
4.000000
4.000000
4.000000
4.000000
3.000000
4.000000
4.000000
4.000000
4.000000
4.000000
4.000000
4.000000
4.000000
4.000000
4.000000
4.000000
3.000000
3.000000
3.000000
2.000000
2.000000
2.000000
2.000000
2.000000
2.000000
4.000000
4.000000
5.000000
5.000000
4.000000
5.000000
5.000000
4.000000
4.000000
4.000000
4.000000
3
FACIES 30
6 0 1
5 1 1
2 2 1
4 3 5
2 8 4
1 12 1
2 13 1
3 14 1
1 15 1
2 16 1
1 17 1
2 18 1
6 19 3
5 22 5
4 27 1
2 28 2
3 30 1
2 31 1
4 32 4
3 36 1
4 37 4
3 41 1
4 42 11
3 53 3
2 56 6
4 62 2
5 64 2
4 66 1
5 67 2
4 69 4
STRAT 5
1 0 3
2 3 16
3 19 13
4 32 30
5 62 11
HYDRO 18
3 0 2
1 2 1
3 3 5
1 8 6
2 14 1
1 15 4
3 19 9
1 28 2
2 30 1
1 31 1
3 32 4
2 36 1
3 37 4
2 41 1
3 42 11
2 53 3
1 56 6
3 62 11
QW_009
54
287.041110 4340.758160 26.623510 27.000000
8
DEPTH 54
0.000000
0.500000
1.000000
1.500000
2.000000
2.500000
3.000000
3.500000
4.000000
4.500000
5.000000
5.500000
6.000000
6.500000
7.000000
7.500000
8.000000
8.500000
9.000000
9.500000
10.000000
10.500000
11.000000
11.500000
12.000000
12.500000
13.000000
13.500000
14.000000
14.500000
15.000000
15.500000
16.000000
16.500000
17.000000
17.500000
18.000000
18.500000
19.000000
19.500000
20.000000
20.500000
21.000000
21.500000
22.000000
22.500000
23.000000
23.500000
24.000000
24.500000
25.000000
25.500000
26.000000
26.500000
GR 54
41.059230
29.486530
36.916610
51.997300
47.401410
90.203230
103.275180
44.793470
107.156320
100.177030
59.607000
63.244440
51.018070
24.988190
42.589420
29.679110
15.522370
44.463420
62.297520
30.650010
30.554150
28.793010
42.581590
39.474540
28.778110
23.226770
46.767390
18.495550
40.630040
51.232730
43.785340
20.451510
45.063390
44.627220
36.278950
27.829990
26.332450
66.860730
94.512820
67.850550
82.445140
122.334250
112.336940
89.482640
91.969900
110.813580
90.903080
109.798060
99.788050
34.916560
47.010190
44.596620
72.767150
60.569170
RT 54
8.738940
13.530340
101.043120
24.690180
33.224660
3.876600
40.822980
40.339210
20.290750
33.388460
71.460910
45.613460
67.338690
123.096290
126.351890
107.657660
156.127000
49.251730
94.302340
70.278860
111.309780
99.045710
80.838390
114.832180
49.276490
89.286010
106.869790
91.383080
93.199450
77.114250
56.810120
170.808380
81.477900
74.101630
85.249140
128.293740
80.204220
38.238660
15.645620
39.793860
39.885240
39.225890
22.812600
41.538360
20.836870
31.612930
41.583990
33.483560
2.794380
109.939210
91.335240
72.255780
36.661820
40.020660
SPT 54
3.013200
2.172930
28.332720
16.663110
16.959970
59.408410
38.629110
16.550490
36.783510
26.023200
17.895550
16.132700
13.239950
43.663040
47.659260
35.638800
52.281720
36.506860
24.720860
41.095060
31.417020
28.512100
33.577920
44.661480
35.710090
25.786830
14.463010
74.434320
46.156710
19.013590
55.773740
48.634910
23.190190
30.533500
37.104850
62.292380
81.039520
18.527610
38.971530
49.890600
45.453090
41.262610
2.500920
38.924920
52.435450
52.761750
41.554200
44.329070
60.991890
21.655090
36.356350
26.581020
14.791830
14.602550
COND 54
0.000000
0.000000
0.000140
0.000010
0.000010
0.000000
0.000000
0.000010
0.000000
0.000000
0.000010
0.000010
0.000020
0.025550
0.000310
0.000280
0.019600
0.000480
0.000100
0.000050
0.000170
0.000260
0.000480
0.000210
0.000490
0.000130
0.000690
0.051030
0.000110
0.000190
0.000570
0.029960
0.000270
0.001590
0.000240
0.023410
0.138560
0.000050
0.000000
0.000000
0.000000
0.000000
0.000000
0.000000
0.000000
0.000000
0.000000
0.000000
0.000000
0.000480
0.000140
0.000400
0.000010
0.000010
MS 54
6.713500
15.989410
32.350660
38.715530
55.090400
132.342360
156.344550
63.498720
112.480770
122.806880
42.858420
38.438740
31.431230
7.395530
7.744250
34.263890
10.286800
20.752750
22.665620
29.087940
11.818600
23.446820
24.070450
3.380340
28.400130
16.539710
27.049580
26.843470
35.712760
20.148760
34.817380
13.020310
40.125480
19.950130
13.095480
18.001680
13.541390
39.801740
103.902860
106.210240
184.488220
86.811720
39.088230
184.467420
96.967840
174.309150
117.648190
198.861060
73.055910
13.465460
46.917000
12.933730
53.220690
39.786380
WC 54
93.782900
93.205630
13.905500
25.649220
13.063150
18.742530
15.153480
7.940590
18.014660
23.496010
13.728400
21.448470
23.159110
6.672630
9.437180
11.345310
9.149200
12.860720
13.853570
6.826950
8.483130
9.042510
6.641120
7.871170
9.373100
20.740150
12.147730
3.321740
13.083890
4.535270
12.103540
3.739460
1.727540
17.949410
5.594300
8.038450
5.704070
24.905810
23.567340
25.658960
20.281910
17.031700
29.425160
16.408100
29.555350
13.505590
29.897840
25.450910
30.071420
13.206570
5.533350
12.427850
26.720740
22.812530
FACIES 54
6.000000
6.000000
2.000000
3.000000
3.000000
4.000000
4.000000
3.000000
4.000000
4.000000
3.000000
3.000000
3.000000
1.000000
2.000000
2.000000
1.000000
2.000000
2.000000
2.000000
2.000000
2.000000
2.000000
2.000000
2.000000
2.000000
2.000000
1.000000
2.000000
2.000000
2.000000
1.000000
2.000000
2.000000
2.000000
1.000000
1.000000
3.000000
4.000000
4.000000
4.000000
4.000000
5.000000
4.000000
4.000000
4.000000
4.000000
4.000000
4.000000
2.000000
2.000000
2.000000
3.000000
3.000000
3
FACIES 22
6 0 2
2 2 1
3 3 2
4 5 2
3 7 1
4 8 2
3 10 3
1 13 1
2 14 2
1 16 1
2 17 10
1 27 1
2 28 3
1 31 1
2 32 3
1 35 2
3 37 1
4 38 4
5 42 1
4 43 6
2 49 3
3 52 2
STRAT 3
1 0 3
2 3 34
4 37 17
HYDRO 12
3 0 2
1 2 1
2 3 2
3 5 2
2 7 1
3 8 2
2 10 3
1 13 24
2 37 1
3 38 11
1 49 3
2 52 2
QW_012
83
840.069880 825.109580 28.234020 41.500000
8
DEPTH 83
0.000000
0.500000
1.000000
1.500000
2.000000
2.500000
3.000000
3.500000
4.000000
4.500000
5.000000
5.500000
6.000000
6.500000
7.000000
7.500000
8.000000
8.500000
9.000000
9.500000
10.000000
10.500000
11.000000
11.500000
12.000000
12.500000
13.000000
13.500000
14.000000
14.500000
15.000000
15.500000
16.000000
16.500000
17.000000
17.500000
18.000000
18.500000
19.000000
19.500000
20.000000
20.500000
21.000000
21.500000
22.000000
22.500000
23.000000
23.500000
24.000000
24.500000
25.000000
25.500000
26.000000
26.500000
27.000000
27.500000
28.000000
28.500000
29.000000
29.500000
30.000000
30.500000
31.000000
31.500000
32.000000
32.500000
33.000000
33.500000
34.000000
34.500000
35.000000
35.500000
36.000000
36.500000
37.000000
37.500000
38.000000
38.500000
39.000000
39.500000
40.000000
40.500000
41.000000
GR 83
20.032320
4.862920
117.215920
106.036300
107.097440
40.719390
68.081160
95.082870
91.486510
73.425920
85.085080
71.541470
60.555700
100.864730
62.656740
98.254390
43.997300
31.382620
30.694190
28.718000
35.842800
20.626670
39.379120
33.895670
52.240690
16.667650
15.920790
16.487810
22.980430
45.253190
12.604270
33.639200
43.046030
44.622590
15.786630
53.767640
17.839230
23.465580
43.972560
21.804260
102.794380
91.860210
84.687970
97.811380
115.522430
98.616980
65.832850
97.388140
96.623750
92.677240
50.505920
76.417680
94.836390
111.355690
82.324900
88.029280
62.672750
110.141310
136.776290
87.360570
110.421630
109.292680
65.240570
92.667130
26.313380
41.737330
16.857460
58.328620
55.138870
31.457390
48.931940
41.640220
34.835780
15.088670
41.504450
100.384720
84.623910
79.114410
96.281330
113.090850
115.695830
96.220710
125.264220
RT 83
14.629090
13.638680
10.606130
19.564820
12.690330
37.626610
52.834330
44.473630
20.328290
48.871620
21.097980
46.252290
59.660780
16.638670
78.204990
16.291960
87.473820
79.338080
77.260460
92.260700
75.492180
85.093610
38.019380
77.181570
52.996370
111.752220
52.947060
106.325610
135.092190
90.245780
51.473360
104.504700
41.809520
73.871280
167.550500
57.211210
87.929440
141.788980
94.435780
146.381890
45.761890
1.000000
46.921050
23.137970
27.555700
40.146180
38.724490
43.274740
34.094320
40.414780
60.696850
38.271470
49.588700
26.870530
40.716320
44.882340
37.809470
53.464050
18.774770
19.066300
38.585740
18.319810
21.108600
22.378460
91.140140
78.323530
70.616830
68.345540
59.002070
53.706830
30.499430
61.006150
81.324610
44.362860
122.690890
12.783780
48.077570
37.977420
50.360970
10.438760
2.250390
6.439920
12.921450
SPT 83
2.033050
1.676710
3.234650
7.136680
1.953370
16.287790
13.344100
21.027270
26.655570
15.894130
48.519070
41.368900
7.570230
26.960290
26.295010
45.271470
49.764220
12.733540
42.090860
32.286270
32.464190
30.095610
45.919610
22.731880
33.364370
28.213380
28.483470
23.075160
21.811030
22.518590
47.891300
21.497820
10.675250
39.567320
68.976410
12.542520
61.251730
51.408730
37.526310
65.847690
46.959000
56.128780
56.296470
43.875470
44.822280
24.521020
49.805580
37.576720
44.361410
23.425100
18.977150
60.077680
38.972690
72.631620
28.369710
30.452780
41.774430
63.563510
30.549590
37.251440
48.595210
29.381850
28.171980
37.369210
13.368120
26.355800
24.081100
13.361000
22.548900
11.386080
20.026750
16.954230
12.368720
14.195050
34.524470
4.393700
39.571940
36.960240
43.269900
4.798870
42.329550
4.698240
0.164640
COND 83
0.000000
0.000000
0.000000
0.000000
0.000000
0.000020
0.000010
0.000000
0.000000
0.000000
0.000000
0.000000
0.000020
0.000000
0.000020
0.000000
0.000670
0.000110
0.000950
0.001160
0.000360
0.000300
0.000200
0.000510
0.000190
0.000260
0.000080
0.029550
0.000290
0.000210
0.055760
0.000350
0.000380
0.000310
0.007710
0.000170
0.037710
0.027870
0.000260
0.050190
0.000000
0.000000
0.000000
0.000000
0.000000
0.000000
0.000000
0.000000
0.000000
0.000000
0.000000
0.000000
0.000000
0.000000
0.000000
0.000000
0.000000
0.000000
0.000000
0.000000
0.000000
0.000000
0.000000
0.000000
0.000650
0.000150
0.034440
0.000000
0.000000
0.000350
0.000020
0.000020
0.001090
0.000230
0.000190
0.000000
0.000000
0.000000
0.000000
0.000000
0.000000
0.000000
0.000000
MS 83
17.529610
13.972410
51.558500
33.989290
62.836910
30.105450
54.566590
130.082380
178.878080
27.340510
127.476800
133.444860
33.470920
109.883670
54.165640
118.034460
40.709390
39.778710
17.377490
19.407670
36.588250
29.393440
21.883450
19.779780
33.137180
20.014420
29.050360
16.667670
25.997010
32.668690
9.140560
28.884880
27.490850
28.600310
5.571750
21.688050
20.975240
19.069050
27.400240
25.562120
155.544810
80.139910
156.192770
110.952020
156.332530
79.463890
129.579210
132.819340
98.383860
163.336360
43.469480
149.920660
135.158300
116.041830
121.665350
108.669770
128.712540
126.548230
119.528430
92.812010
107.517370
140.111750
153.925670
105.671570
25.334070
11.651770
13.323460
36.950810
31.756530
26.408170
41.217650
30.800620
31.946560
13.441060
27.391040
10.954990
96.788780
143.148600
100.725460
55.004350
151.937120
47.282860
68.308260
WC 83
94.818070
72.221870
21.832120
46.502950
37.045790
13.902100
19.479490
23.674900
8.377570
27.020110
24.484360
15.550580
21.103390
14.242670
20.492700
22.619100
13.942930
12.540710
17.115520
12.937580
15.863340
17.152170
7.652690
13.497270
13.896050
9.705600
8.153160
6.405820
10.655790
13.845220
4.175090
9.791840
15.664470
11.825330
4.522560
6.515220
1.987570
7.895540
13.762830
3.396420
30.096190
24.224550
18.477800
8.435400
26.163450
14.546090
9.134040
29.937330
23.229190
12.424000
17.293540
17.718910
14.494610
27.759490
25.885250
19.389560
18.268750
26.005130
24.009030
20.528560
21.400570
21.360420
14.599540
22.024570
15.370040
9.724450
6.452790
16.376930
8.377340
11.442670
18.191340
18.520090
12.489580
5.770220
12.753630
45.833080
25.578140
30.927160
8.726790
34.495660
14.994300
33.878670
44.949930
FACIES 83
6.000000
6.000000
5.000000
5.000000
5.000000
3.000000
3.000000
4.000000
4.000000
3.000000
4.000000
4.000000
3.000000
4.000000
3.000000
4.000000
2.000000
2.000000
2.000000
2.000000
2.000000
2.000000
2.000000
2.000000
2.000000
2.000000
2.000000
1.000000
2.000000
2.000000
1.000000
2.000000
2.000000
2.000000
1.000000
2.000000
1.000000
1.000000
2.000000
1.000000
4.000000
4.000000
4.000000
4.000000
4.000000
4.000000
4.000000
4.000000
4.000000
4.000000
3.000000
4.000000
4.000000
4.000000
4.000000
4.000000
4.000000
4.000000
4.000000
4.000000
4.000000
4.000000
4.000000
4.000000
2.000000
2.000000
1.000000
3.000000
3.000000
2.000000
3.000000
3.000000
2.000000
2.000000
2.000000
5.000000
4.000000
4.000000
4.000000
5.000000
4.000000
5.000000
5.000000
3
FACIES 34
6 0 2
5 2 3
3 5 2
4 7 2
3 9 1
4 10 2
3 12 1
4 13 1
3 14 1
4 15 1
2 16 11
1 27 1
2 28 2
1 30 1
2 31 3
1 34 1
2 35 1
1 36 2
2 38 1
1 39 1
4 40 10
3 50 1
4 51 13
2 64 2
1 66 1
3 67 2
2 69 1
3 70 2
2 72 3
5 75 1
4 76 3
5 79 1
4 80 1
5 81 2
STRAT 4
1 0 7
2 7 33
4 40 35
5 75 8
HYDRO 19
3 0 5
2 5 2
3 7 2
2 9 1
3 10 2
2 12 1
3 13 1
2 14 1
3 15 1
1 16 24
3 40 10
2 50 1
3 51 13
1 64 3
2 67 2
1 69 1
2 70 2
1 72 3
3 75 8
QW_015
111
693.097000 2234.459670 15.872690 55.500000
8
DEPTH 111
0.000000
0.500000
1.000000
1.500000
2.000000
2.500000
3.000000
3.500000
4.000000
4.500000
5.000000
5.500000
6.000000
6.500000
7.000000
7.500000
8.000000
8.500000
9.000000
9.500000
10.000000
10.500000
11.000000
11.500000
12.000000
12.500000
13.000000
13.500000
14.000000
14.500000
15.000000
15.500000
16.000000
16.500000
17.000000
17.500000
18.000000
18.500000
19.000000
19.500000
20.000000
20.500000
21.000000
21.500000
22.000000
22.500000
23.000000
23.500000
24.000000
24.500000
25.000000
25.500000
26.000000
26.500000
27.000000
27.500000
28.000000
28.500000
29.000000
29.500000
30.000000
30.500000
31.000000
31.500000
32.000000
32.500000
33.000000
33.500000
34.000000
34.500000
35.000000
35.500000
36.000000
36.500000
37.000000
37.500000
38.000000
38.500000
39.000000
39.500000
40.000000
40.500000
41.000000
41.500000
42.000000
42.500000
43.000000
43.500000
44.000000
44.500000
45.000000
45.500000
46.000000
46.500000
47.000000
47.500000
48.000000
48.500000
49.000000
49.500000
50.000000
50.500000
51.000000
51.500000
52.000000
52.500000
53.000000
53.500000
54.000000
54.500000
55.000000
GR 111
50.106980
87.858250
124.600060
86.085440
77.958710
84.861900
69.409920
100.439840
54.970250
26.593930
34.097730
36.916770
23.129750
35.459670
35.457030
28.872450
36.457740
35.327350
37.438050
21.108530
11.939460
8.876740
20.512710
19.464380
3.646180
9.195940
17.606360
44.346310
51.285080
26.634210
4.519560
12.677150
11.360080
117.165840
125.392710
122.989310
90.225350
87.282620
33.208300
33.132710
40.202430
4.678000
101.120780
95.753460
71.180190
94.279310
80.976290
102.554610
77.683280
65.801460
87.110860
85.566370
58.704860
88.607530
77.229900
84.100790
78.862690
83.914240
78.860960
64.273610
64.189030
85.189290
83.262600
80.128220
92.447280
67.838220
99.862630
70.871190
80.862220
67.428390
104.280860
85.540370
89.426170
43.018760
36.144740
53.620450
17.576810
57.135940
66.150570
44.043690
44.743310
29.196140
34.782640
15.032390
30.488550
36.063580
75.909740
90.552070
119.215880
94.468070
92.894560
98.151920
64.021550
87.116990
105.844740
108.748630
80.483440
95.450760
6.192290
59.727000
114.591220
97.347080
94.843270
60.369510
60.835810
99.691370
75.296440
91.678960
110.046010
106.179210
99.037190
RT 111
50.470740
34.563810
41.309200
27.664470
32.527840
44.798930
40.726580
44.292570
53.948130
153.603230
149.361310
18.613880
104.953220
151.003150
86.847660
99.293120
100.001050
43.455590
104.332030
81.645300
210.086800
91.076460
89.452990
128.699780
233.272120
222.373030
71.948830
75.305810
90.738180
69.808410
213.422510
18.446410
14.404980
30.918770
10.708830
10.016650
17.760510
24.895630
118.330360
133.060630
62.278890
130.922100
41.705350
40.456740
7.670250
27.932830
24.105250
23.078390
31.613050
28.533410
5.966300
23.209560
20.773000
39.324980
15.833890
40.784900
33.299930
23.592740
21.883590
30.549790
38.724420
27.626610
33.830060
26.524940
36.971170
15.359000
18.984690
29.674040
29.241310
34.090410
41.329660
30.632760
33.570680
119.777050
55.731190
68.701550
108.638520
68.833960
84.429180
89.277560
41.115550
115.451990
96.623710
85.862230
43.938280
27.588830
28.288720
26.675380
16.976390
24.921430
32.299980
18.104010
43.844480
31.882970
41.713220
25.396350
39.669200
24.227130
11.093470
24.995350
27.590630
20.455670
5.719730
44.750900
30.421910
24.086910
63.970890
16.418740
15.072480
45.946480
21.239880
SPT 111
14.494280
37.724590
44.113300
24.473440
41.744450
32.227000
42.612690
64.426600
16.972240
18.106990
17.034870
16.047960
28.500170
25.340590
19.112340
22.812180
41.452790
14.090560
20.486190
28.208550
43.715950
39.454360
19.426770
20.982030
76.744150
32.472560
65.968540
15.751000
32.111820
34.466210
55.540220
1.601620
1.929690
1.270120
4.758850
2.256550
3.115190
41.916020
31.056530
32.192370
16.441350
15.512920
42.069170
44.480000
62.843960
45.348300
30.398620
21.278470
51.159570
55.290500
27.653960
9.011470
50.752050
51.547290
44.089470
43.751030
29.284040
36.360450
26.406960
54.570570
37.574170
26.664190
51.354540
61.518870
49.914040
30.291770
49.598480
33.281600
20.985000
74.456560
52.551260
48.074870
59.439230
18.489820
11.554570
9.944310
22.333850
15.705840
23.065520
14.512880
14.472730
21.883650
36.265840
27.001800
25.990420
12.704350
49.814200
7.186750
10.101560
7.113540
45.177050
49.186660
37.739000
40.815220
44.508280
6.032770
60.977290
4.860850
1.833290
33.833520
1.789690
2.824520
2.257170
20.539930
32.385390
3.084550
52.975190
3.285090
4.748140
21.354600
3.456610
COND 111
0.000010
0.000000
0.000000
0.000000
0.000000
0.000000
0.000000
0.000000
0.000000
0.000340
0.000220
0.000540
0.000210
0.000350
0.000280
0.000370
0.000260
0.000260
0.000890
0.000920
0.026150
0.077740
0.000650
0.000360
0.070270
0.030380
0.040270
0.000670
0.000410
0.000400
0.035430
0.000000
0.000000
0.000000
0.000000
0.000000
0.000000
0.000000
0.000210
0.000640
0.000380
0.000110
0.000000
0.000000
0.000000
0.000000
0.000000
0.000000
0.000000
0.000000
0.000000
0.000000
0.000000
0.000000
0.000000
0.000000
0.000000
0.000000
0.000000
0.000000
0.000000
0.000000
0.000000
0.000000
0.000000
0.000000
0.000000
0.000000
0.000000
0.000000
0.000000
0.000000
0.000000
0.000360
0.000010
0.000030
0.000480
0.000010
0.000010
0.000010
0.000030
0.000380
0.000400
0.000800
0.000210
0.000010
0.000000
0.000000
0.000000
0.000000
0.000000
0.000000
0.000000
0.000000
0.000000
0.000000
0.000000
0.000000
0.000000
0.000000
0.000000
0.000000
0.000000
0.000010
0.000000
0.000000
0.000000
0.000000
0.000000
0.000000
0.000000
MS 111
43.706210
136.079830
102.519600
105.599250
137.346780
152.868010
113.238430
179.653680
47.588340
38.103530
33.756760
33.613000
32.144490
43.183400
27.752120
36.189070
10.426670
23.439600
24.972410
25.116280
19.978620
18.854040
36.281110
30.426280
9.910900
18.476100
25.547470
22.415450
41.665710
28.702340
21.473610
8.096860
1.364110
57.457630
41.978430
54.295320
83.204240
155.299180
12.414290
7.167460
39.216990
6.266430
126.923110
107.994490
150.044450
130.180310
140.452330
128.447570
97.006360
141.086260
89.388710
35.849540
131.662930
155.640710
76.452290
100.072600
145.609800
189.603240
151.347620
147.050900
147.278730
92.425850
85.879770
152.981050
210.069460
116.094550
131.690170
140.872270
79.621960
171.307640
108.101340
82.525880
147.207630
29.966660
32.476420
41.125280
37.683410
46.437950
44.899510
36.954550
38.675720
31.419230
10.786060
34.337500
19.754840
25.281190
109.498440
58.563500
60.796710
50.097740
117.357500
159.803690
122.268800
129.557900
96.036580
47.251030
139.999180
54.579490
7.291250
85.727310
47.762650
66.731800
48.764450
39.825060
101.280710
29.462860
103.526020
65.466110
45.750310
133.542520
63.761440
WC 111
10.818480
21.244870
20.207450
22.500910
17.239780
19.940970
26.274340
13.445300
18.474810
9.151240
5.783720
11.958690
6.188050
18.559390
11.760620
14.281180
5.424510
19.293410
13.646750
20.436750
4.475990
6.530960
14.304290
17.205590
5.323340
6.672850
2.263110
10.116610
10.988830
16.687930
9.295780
73.744100
100.000000
47.870070
41.098050
28.972670
25.128750
16.087320
8.147420
16.283720
18.542020
0.644390
17.279860
32.705010
22.078340
14.270540
17.655610
21.808070
17.383350
31.558930
26.976960
55.441050
21.383250
21.597300
23.105020
21.388030
28.469470
20.872060
18.583970
15.810740
16.965840
15.149700
33.006490
17.433630
26.585830
18.103090
24.036970
27.517110
30.516500
19.273110
23.230130
35.172830
25.872850
6.800930
13.238290
23.471140
14.920330
23.171170
12.441670
17.591540
20.462860
13.208730
16.247760
5.465540
18.236200
18.102620
25.183870
37.950410
30.564540
32.343710
36.214720
27.539670
7.589270
29.142510
29.192960
44.033280
15.740500
29.350700
82.831920
7.719710
23.522910
38.175050
42.123020
25.281020
15.266790
45.111230
27.288730
44.651740
39.379860
17.783200
33.986420
FACIES 111
3.000000
4.000000
4.000000
4.000000
4.000000
4.000000
4.000000
4.000000
3.000000
2.000000
2.000000
2.000000
2.000000
2.000000
2.000000
2.000000
2.000000
2.000000
2.000000
2.000000
1.000000
1.000000
2.000000
2.000000
1.000000
1.000000
1.000000
2.000000
2.000000
2.000000
1.000000
6.000000
6.000000
5.000000
5.000000
5.000000
5.000000
4.000000
2.000000
2.000000
2.000000
2.000000
4.000000
4.000000
4.000000
4.000000
4.000000
4.000000
4.000000
4.000000
4.000000
5.000000
4.000000
4.000000
4.000000
4.000000
4.000000
4.000000
4.000000
4.000000
4.000000
4.000000
4.000000
4.000000
4.000000
4.000000
4.000000
4.000000
4.000000
4.000000
4.000000
4.000000
4.000000
2.000000
3.000000
3.000000
2.000000
3.000000
3.000000
3.000000
3.000000
2.000000
2.000000
2.000000
2.000000
3.000000
4.000000
5.000000
5.000000
5.000000
4.000000
4.000000
4.000000
4.000000
4.000000
5.000000
4.000000
5.000000
6.000000
4.000000
5.000000
5.000000
5.000000
3.000000
4.000000
5.000000
4.000000
5.000000
5.000000
4.000000
5.000000
3
FACIES 38
3 0 1
4 1 7
3 8 1
2 9 11
1 20 2
2 22 2
1 24 3
2 27 3
1 30 1
6 31 2
5 33 4
4 37 1
2 38 4
4 42 9
5 51 1
4 52 21
2 73 1
3 74 2
2 76 1
3 77 4
2 81 4
3 85 1
4 86 1
5 87 3
4 90 5
5 95 1
4 96 1
5 97 1
6 98 1
4 99 1
5 100 3
3 103 1
4 104 1
5 105 1
4 106 1
5 107 2
4 109 1
5 110 1
STRAT 4
2 0 31
3 31 11
4 42 44
5 86 25
HYDRO 16
2 0 1
3 1 7
2 8 1
1 9 22
3 31 7
1 38 4
3 42 31
1 73 1
2 74 2
1 76 1
2 77 4
1 81 4
2 85 1
3 86 17
2 103 1
3 104 7
QW_018
65
840.049990 3671.642760 23.925360 32.500000
8
DEPTH 65
0.000000
0.500000
1.000000
1.500000
2.000000
2.500000
3.000000
3.500000
4.000000
4.500000
5.000000
5.500000
6.000000
6.500000
7.000000
7.500000
8.000000
8.500000
9.000000
9.500000
10.000000
10.500000
11.000000
11.500000
12.000000
12.500000
13.000000
13.500000
14.000000
14.500000
15.000000
15.500000
16.000000
16.500000
17.000000
17.500000
18.000000
18.500000
19.000000
19.500000
20.000000
20.500000
21.000000
21.500000
22.000000
22.500000
23.000000
23.500000
24.000000
24.500000
25.000000
25.500000
26.000000
26.500000
27.000000
27.500000
28.000000
28.500000
29.000000
29.500000
30.000000
30.500000
31.000000
31.500000
32.000000
GR 65
24.069770
56.791790
84.847430
46.078450
65.801130
40.830240
55.086050
57.922360
88.381130
58.870250
11.268890
29.172570
33.245670
15.947310
11.452810
48.275660
27.330000
8.304790
43.425140
36.993360
23.720070
24.824540
15.300270
18.175580
32.842980
6.452910
17.862010
36.512830
48.706540
35.604420
0.000000
24.234890
19.877150
103.533580
101.095050
126.470590
39.308540
48.546980
70.622190
98.917630
91.870570
97.461540
100.259180
77.161060
102.955410
93.462790
90.616130
79.833180
87.308290
97.588480
67.030710
106.157310
102.461260
110.700540
83.654620
82.603930
93.878340
20.738130
61.334330
37.149300
46.231180
26.123700
47.527420
29.578880
54.594870
RT 65
13.297660
58.007260
27.241900
67.424830
53.371930
55.649730
63.601860
44.281990
23.204630
50.491250
200.813010
125.214660
153.991660
70.930610
101.500030
28.453620
79.383730
108.398630
65.108180
80.068500
79.634270
112.721430
164.062990
65.746630
80.345320
86.610300
68.199590
79.423340
120.244590
94.503350
205.070100
90.388240
12.620210
11.598880
10.476450
14.067800
47.551700
91.667420
15.265230
8.637220
19.694840
47.359750
27.754870
8.482070
1.089210
34.172550
25.010170
33.288290
50.169910
29.976350
16.686360
25.619790
26.007340
30.229500
18.169620
32.519420
55.256270
99.198420
42.718480
118.698560
33.554750
125.564700
51.388880
59.769820
42.794090
SPT 65
1.416650
22.459800
31.272410
14.653730
16.786360
15.456710
16.097260
12.107300
35.020320
8.590450
61.819800
16.099750
29.361970
26.396180
59.396330
12.508850
25.504740
30.627700
29.856910
19.175930
25.332240
23.589460
60.880000
59.399800
26.980370
45.671290
15.041120
24.809780
16.234880
5.621220
47.352020
4.151280
0.000000
4.778350
3.026270
8.087530
24.182400
14.274300
46.758830
32.565370
31.358770
31.077000
48.120220
54.401430
50.474040
32.186070
18.028990
38.502500
31.703200
48.851190
56.192320
20.347950
48.491030
55.096030
37.426410
38.923720
41.659830
16.266530
6.035750
21.521380
14.296090
12.703330
15.670290
30.215520
10.911000
COND 65
0.000000
0.000030
0.000000
0.000020
0.000010
0.000010
0.000020
0.000000
0.000000
0.000010
0.015930
0.000220
0.000180
0.000880
0.142840
0.000010
0.000430
0.000660
0.000280
0.000180
0.000230
0.000200
0.049530
0.027220
0.000560
0.029300
0.000270
0.000390
0.000160
0.000240
0.047990
0.000370
0.000010
0.000000
0.000000
0.000000
0.000000
0.000010
0.000000
0.000000
0.000000
0.000000
0.000000
0.000000
0.000000
0.000000
0.000000
0.000000
0.000000
0.000000
0.000000
0.000000
0.000000
0.000000
0.000000
0.000000
0.000000
0.000160
0.000010
0.000370
0.000010
0.000500
0.000050
0.000760
0.000010
MS 65
3.759650
42.515520
113.570500
23.850040
42.189240
36.841770
57.303300
49.023360
120.421180
45.311940
12.828580
18.805890
24.446070
10.762950
22.177710
46.642190
31.240020
24.819780
15.054910
15.740530
27.316190
21.534990
2.461130
22.585350
18.284250
23.606440
11.861730
16.821320
48.337050
34.680850
19.485600
42.084050
14.773230
48.537560
46.385990
46.179390
49.286230
65.908950
88.994660
128.070850
100.826160
83.146850
119.624090
111.591560
134.494780
139.372100
104.611840
158.855050
124.929250
28.528740
30.715150
132.022050
101.963420
132.161340
128.337040
144.784030
208.342540
11.784330
48.219760
28.406290
38.101760
22.321620
51.532100
50.382250
60.658440
WC 65
92.575350
13.952070
33.659280
27.109640
7.233040
14.439610
18.518500
10.168100
21.449890
7.216270
3.523290
14.741840
10.511990
12.060900
6.179910
18.362470
5.072370
7.350580
15.194530
13.081320
11.850660
10.437790
6.014290
5.185620
11.009500
2.818950
7.216800
16.966470
5.956790
15.781160
5.347700
8.460510
88.327220
29.755910
29.438390
45.137360
14.865380
16.458510
22.876150
31.790580
24.880050
35.131150
30.567370
15.193300
23.237430
15.172560
30.586040
30.093730
23.499940
28.843370
16.207030
28.902000
17.133180
26.542510
23.255880
21.448450
24.818990
8.415280
22.827870
17.105460
16.444680
20.144760
18.678010
14.899870
18.955120
FACIES 65
6.000000
3.000000
4.000000
3.000000
3.000000
3.000000
3.000000
3.000000
4.000000
3.000000
1.000000
2.000000
2.000000
2.000000
1.000000
3.000000
2.000000
2.000000
2.000000
2.000000
2.000000
2.000000
1.000000
1.000000
2.000000
1.000000
2.000000
2.000000
2.000000
2.000000
1.000000
2.000000
6.000000
5.000000
5.000000
5.000000
3.000000
3.000000
4.000000
4.000000
4.000000
4.000000
4.000000
4.000000
4.000000
4.000000
4.000000
4.000000
4.000000
4.000000
4.000000
4.000000
4.000000
4.000000
4.000000
4.000000
4.000000
2.000000
3.000000
2.000000
3.000000
2.000000
3.000000
2.000000
3.000000
3
FACIES 29
6 0 1
3 1 1
4 2 1
3 3 5
4 8 1
3 9 1
1 10 1
2 11 3
1 14 1
3 15 1
2 16 6
1 22 2
2 24 1
1 25 1
2 26 4
1 30 1
2 31 1
6 32 1
5 33 3
3 36 2
4 38 19
2 57 1
3 58 1
2 59 1
3 60 1
2 61 1
3 62 1
2 63 1
3 64 1
STRAT 4
1 0 1
2 1 31
3 32 6
4 38 27
HYDRO 20
3 0 1
2 1 1
3 2 1
2 3 5
3 8 1
2 9 1
1 10 5
2 15 1
1 16 16
3 32 4
2 36 2
3 38 19
1 57 1
2 58 1
1 59 1
2 60 1
1 61 1
2 62 1
1 63 1
2 64 1
QW_020
57
713.973820 4748.891010 29.051530 28.500000
8
DEPTH 57
0.000000
0.500000
1.000000
1.500000
2.000000
2.500000
3.000000
3.500000
4.000000
4.500000
5.000000
5.500000
6.000000
6.500000
7.000000
7.500000
8.000000
8.500000
9.000000
9.500000
10.000000
10.500000
11.000000
11.500000
12.000000
12.500000
13.000000
13.500000
14.000000
14.500000
15.000000
15.500000
16.000000
16.500000
17.000000
17.500000
18.000000
18.500000
19.000000
19.500000
20.000000
20.500000
21.000000
21.500000
22.000000
22.500000
23.000000
23.500000
24.000000
24.500000
25.000000
25.500000
26.000000
26.500000
27.000000
27.500000
28.000000
GR 57
14.762380
35.083480
103.299340
36.792020
34.453950
63.384260
95.356240
80.591520
38.024460
51.625290
19.209820
41.215150
10.053940
46.837770
43.840420
18.523370
14.501960
17.628830
24.656430
16.900010
13.908020
43.755610
14.504580
8.169840
98.590280
101.041350
103.956740
100.467470
97.438710
61.510360
51.963340
46.752100
27.756090
38.641440
56.159830
114.117980
88.795080
68.562540
77.977130
125.194060
64.654490
113.808490
101.546650
88.896900
83.995510
86.820700
76.782460
90.784230
122.979600
21.207040
59.756210
47.465110
50.721040
77.620770
47.999320
41.603210
19.362570
RT 57
13.633470
18.849620
5.657030
58.699910
107.513770
75.318850
40.669840
21.874840
135.442750
34.007300
107.664840
133.047590
71.602260
78.063440
114.665930
46.572570
206.375930
111.788880
154.882460
96.730920
159.620130
47.938910
6.177660
5.667320
20.169840
16.326210
25.294490
24.545580
5.807500
52.732910
46.260250
59.131480
38.496150
47.082770
40.928320
12.821950
24.814160
14.333040
39.508040
45.063550
12.780370
31.184400
49.255350
57.229160
32.620240
45.167460
21.498430
31.920520
40.914530
121.859200
67.629170
71.126950
17.222170
79.115700
54.565340
87.108560
66.083600
SPT 57
1.880120
2.468230
2.600860
30.472820
7.952410
15.702600
48.220450
42.812010
28.491610
12.170370
14.410790
25.532350
26.081870
29.269960
9.244330
60.458340
57.279540
47.851410
65.451530
63.880970
40.917440
24.588600
1.685280
0.821130
2.441110
0.000000
4.592370
8.779260
0.649460
20.710400
3.307730
20.698800
11.273650
5.576690
40.352090
40.247370
55.545110
29.869480
50.403410
28.966810
35.545870
32.935240
45.655030
52.671040
47.760790
66.822160
33.620800
34.010250
37.964050
23.734020
4.444160
12.821060
10.286340
6.310400
13.972500
33.753020
30.790570
COND 57
0.000000
0.000000
0.000000
0.000720
0.001030
0.000010
0.000000
0.000000
0.000230
0.000010
0.000100
0.000500
0.000190
0.000140
0.000300
0.013260
0.025350
0.011300
0.074460
0.047270
0.041250
0.000220
0.000000
0.000000
0.000000
0.000000
0.000000
0.000000
0.000000
0.000010
0.000010
0.000010
0.000000
0.000000
0.000000
0.000000
0.000000
0.000000
0.000000
0.000000
0.000000
0.000000
0.000000
0.000000
0.000000
0.000000
0.000000
0.000000
0.000000
0.000730
0.000010
0.000010
0.000000
0.000020
0.000020
0.000210
0.000620
MS 57
10.464700
13.346800
13.932220
33.647050
10.078600
28.475790
123.336810
114.321170
14.181830
42.292300
19.475360
15.957800
28.302200
40.323780
30.213020
8.746620
7.562740
7.802180
19.474800
10.601640
7.252040
37.158500
7.097290
12.543240
83.042030
66.738840
59.316230
83.337460
42.240630
47.169720
42.556280
48.592610
101.233150
113.875540
102.943730
146.205120
94.174140
77.131140
119.326460
116.057030
116.015330
131.115270
115.923760
104.356560
84.873370
103.824160
141.832440
124.136360
147.483570
18.785270
54.816920
38.937850
37.031260
58.233810
47.953630
13.044720
39.643480
WC 57
94.530870
89.116030
33.872010
14.417960
14.034170
23.519660
22.377180
22.244150
9.200480
20.744700
1.794730
10.682860
12.391230
13.079200
1.301700
4.639660
7.290390
5.137140
3.517320
5.922720
6.904220
0.065160
79.163490
79.948190
30.812740
24.311870
58.710960
34.290150
35.818110
17.951920
14.190040
9.883590
52.437630
33.319040
12.698310
15.326890
17.649780
21.693190
15.052840
21.514360
27.237810
21.642670
13.385500
28.962840
19.790760
28.447820
21.930870
20.799610
19.740750
12.595750
24.868080
25.674550
23.709030
15.951800
16.198660
10.161230
3.330670
FACIES 57
6.000000
6.000000
5.000000
2.000000
2.000000
3.000000
4.000000
4.000000
2.000000
3.000000
2.000000
2.000000
2.000000
2.000000
2.000000
1.000000
1.000000
1.000000
1.000000
1.000000
1.000000
2.000000
6.000000
6.000000
5.000000
5.000000
5.000000
5.000000
5.000000
3.000000
3.000000
3.000000
8.000000
8.000000
8.000000
4.000000
4.000000
4.000000
4.000000
4.000000
4.000000
4.000000
4.000000
4.000000
4.000000
4.000000
4.000000
4.000000
4.000000
2.000000
3.000000
3.000000
3.000000
3.000000
3.000000
2.000000
2.000000
3
FACIES 18
6 0 2
5 2 1
2 3 2
3 5 1
4 6 2
2 8 1
3 9 1
2 10 5
1 15 6
2 21 1
6 22 2
5 24 5
3 29 3
8 32 3
4 35 14
2 49 1
3 50 5
2 55 2
STRAT 4
1 0 5
2 5 17
3 22 10
4 32 25
HYDRO 13
3 0 3
1 3 2
2 5 1
3 6 2
1 8 1
2 9 1
1 10 12
3 22 7
2 29 6
3 35 14
1 49 1
2 50 5
1 55 2
END
