WellIds: 0 1
Node 0 ( 0 0 )
Node 1 ( 1 0 )
  -> 0 (1)
Node 2 ( 1 1 )
  -> 0 (0.661224)
Node 3 ( 2 0 )
  -> 1 (1)
Node 4 ( 2 1 )
  -> 2 (1)
Node 5 ( 3 0 )
  -> 3 (1)
Node 6 ( 3 1 )
  -> 3 (0.9)
  -> 4 (1)
Node 7 ( 3 2 )
  -> 4 (0.661224)
Node 8 ( 4 1 )
  -> 6 (1)
  -> 5 (0.661224)
Node 9 ( 4 2 )
  -> 7 (1)
  -> 6 (0.459184)
Node 10 ( 5 1 )
  -> 8 (1)
Node 11 ( 4 3 )
  -> 7 (0.661224)
Node 12 ( 5 2 )
  -> 9 (1)
Node 13 ( 6 1 )
  -> 10 (1)
Node 14 ( 5 3 )
  -> 11 (1)
Node 15 ( 6 2 )
  -> 10 (0.661224)
  -> 12 (1)
Node 16 ( 7 1 )
  -> 13 (1)
Node 17 ( 6 3 )
  -> 12 (0.9)
  -> 14 (1)
Node 18 ( 7 2 )
  -> 15 (1)
Node 19 ( 8 1 )
  -> 16 (1)
Node 20 ( 6 4 )
  -> 14 (0.459184)
Node 21 ( 7 3 )
  -> 17 (1)
Node 22 ( 8 2 )
  -> 16 (0.661224)
  -> 18 (1)
Node 23 ( 7 4 )
  -> 20 (1)
Node 24 ( 8 3 )
  -> 18 (0.9)
  -> 21 (1)
Node 25 ( 9 2 )
  -> 22 (1)
  -> 19 (0.459184)
Node 26 ( 8 4 )
  -> 23 (1)
  -> 21 (0.459184)
Node 27 ( 9 3 )
  -> 24 (1)
  -> 22 (0.661224)
Node 28 ( 10 2 )
  -> 25 (1)
Node 29 ( 9 4 )
  -> 26 (1)
  -> 24 (0.293878)
Node 30 ( 10 3 )
  -> 25 (0.9)
  -> 27 (1)
Node 31 ( 10 4 )
  -> 29 (1)
  -> 27 (0.459184)
Node 32 ( 11 3 )
  -> 30 (1)
  -> 28 (0.661224)
Node 33 ( 11 4 )
  -> 31 (1)
  -> 30 (0.293878)
Node 34 ( 11 5 )
  -> 31 (0.661224)
Node 35 ( 12 4 )
  -> 33 (1)
  -> 32 (0.165306)
Node 36 ( 12 5 )
  -> 34 (1)
  -> 33 (0.459184)
Node 37 ( 12 6 )
  -> 34 (0.661224)
Node 38 ( 13 5 )
  -> 35 (0.0734694)
Node 39 ( 13 6 )
  -> 36 (0.165306)
Node 40 ( 14 5 )
  -> 38 (1)
Node 41 ( 13 7 )
  -> 37 (0.293878)
Node 42 ( 14 6 )
  -> 39 (1)
Node 43 ( 15 5 )
  -> 40 (1)
Node 44 ( 14 7 )
  -> 41 (1)
Node 45 ( 15 6 )
  -> 42 (1)
Node 46 ( 16 5 )
  -> 43 (1)
Node 47 ( 15 7 )
  -> 44 (1)
Node 48 ( 16 6 )
  -> 45 (1)
Node 49 ( 16 7 )
  -> 47 (1)
Node 50 ( 17 6 )
  -> 46 (0.9)
  -> 48 (1)
Node 51 ( 17 7 )
  -> 49 (1)
Node 52 ( 18 7 )
  -> 51 (1)
  -> 50 (0.9)
Node 53 ( 19 8 )
  -> 52 (0.9)
Node 54 ( 19 9 )
  -> 53 (1)
Node 55 ( 20 9 )
  -> 53 (0.9)
Node 56 ( 20 10 )
  -> 54 (0.459184)
Node 57 ( 21 10 )
  -> 55 (0.661224)
Node 58 ( 21 11 )
  -> 57 (1)
  -> 56 (0.9)
Node 59 ( 21 12 )
  -> 58 (1)
Node 60 ( 22 13 )
  -> 59 (0.459184)
Node 61 ( 22 14 )
  -> 60 (1)
Node 62 ( 22 15 )
  -> 61 (1)
Node 63 ( 23 14 )
  -> 60 (0.9)
Node 64 ( 22 16 )
  -> 62 (1)
Node 65 ( 23 15 )
  -> 63 (1)
Node 66 ( 23 16 )
  -> 65 (1)
  -> 62 (0.661224)
Node 67 ( 23 17 )
  -> 64 (0.9)
  -> 66 (1)
Node 68 ( 24 16 )
  -> 65 (0.459184)
Node 69 ( 24 17 )
  -> 68 (1)
  -> 66 (0.661224)
Node 70 ( 24 18 )
  -> 67 (0.165306)
Node 71 ( 25 18 )
  -> 69 (0.661224)
Node 72 ( 25 19 )
  -> 71 (1)
  -> 70 (0.9)
