WellIds: 0 1
Node 0 ( 0 0 )
Node 1 ( 1 0 )
  -> 0 (0.333333)
Node 2 ( 1 1 )
  -> 0 (0.220408)
Node 3 ( 2 0 )
  -> 1 (0.333333)
Node 4 ( 2 1 )
  -> 2 (0.336735)
Node 5 ( 3 0 )
  -> 3 (0.333333)
Node 6 ( 3 1 )
  -> 3 (0.303401)
  -> 4 (0.340136)
Node 7 ( 4 0 )
  -> 5 (0.333333)
Node 8 ( 3 2 )
  -> 4 (0.22381)
Node 9 ( 4 1 )
  -> 6 (0.336735)
  -> 5 (0.220408)
Node 10 ( 5 0 )
  -> 7 (0.333333)
Node 11 ( 4 2 )
  -> 8 (0.340136)
  -> 6 (0.163265)
Node 12 ( 5 1 )
  -> 9 (0.336735)
Node 13 ( 6 0 )
  -> 10 (0.333333)
Node 14 ( 4 3 )
  -> 8 (0.220408)
Node 15 ( 5 2 )
  -> 11 (0.340136)
Node 16 ( 6 1 )
  -> 12 (0.336735)
Node 17 ( 7 0 )
  -> 13 (0.333333)
Node 18 ( 5 3 )
  -> 14 (0.340136)
Node 19 ( 6 2 )
  -> 12 (0.227211)
  -> 15 (0.336735)
Node 20 ( 7 1 )
  -> 16 (0.336735)
Node 21 ( 8 0 )
  -> 17 (0.333333)
Node 22 ( 6 3 )
  -> 15 (0.3)
  -> 18 (0.340136)
Node 23 ( 7 2 )
  -> 19 (0.336735)
Node 24 ( 8 1 )
  -> 20 (0.340136)
Node 25 ( 7 3 )
  -> 22 (0.340136)
Node 26 ( 8 2 )
  -> 20 (0.22381)
  -> 23 (0.333333)
Node 27 ( 9 1 )
  -> 21 (0.220408)
Node 28 ( 8 3 )
  -> 23 (0.306803)
  -> 25 (0.346939)
Node 29 ( 9 2 )
  -> 26 (0.336735)
  -> 24 (0.159864)
Node 30 ( 9 3 )
  -> 28 (0.340136)
  -> 26 (0.220408)
Node 31 ( 10 2 )
  -> 27 (0.220408)
  -> 29 (0.336735)
Node 32 ( 9 4 )
  -> 28 (0.111565)
Node 33 ( 10 3 )
  -> 29 (0.310204)
  -> 30 (0.340136)
Node 34 ( 10 4 )
  -> 32 (0.340136)
  -> 30 (0.153061)
Node 35 ( 11 3 )
  -> 33 (0.346939)
  -> 31 (0.227211)
Node 36 ( 11 4 )
  -> 34 (0.333333)
  -> 33 (0.104762)
Node 37 ( 11 5 )
  -> 34 (0.220408)
Node 38 ( 12 4 )
  -> 35 (0.0619048)
Node 39 ( 12 5 )
  -> 37 (0.333333)
  -> 36 (0.153061)
Node 40 ( 12 6 )
  -> 37 (0.220408)
Node 41 ( 13 5 )
  -> 38 (0.0414966)
Node 42 ( 13 6 )
  -> 39 (0.0721088)
Node 43 ( 14 5 )
  -> 41 (0.353741)
Node 44 ( 13 7 )
  -> 40 (0.114966)
Node 45 ( 14 6 )
  -> 42 (0.353741)
Node 46 ( 15 5 )
  -> 43 (0.336735)
Node 47 ( 14 7 )
  -> 44 (0.353741)
Node 48 ( 15 6 )
  -> 45 (0.336735)
Node 49 ( 16 5 )
  -> 46 (0.333333)
Node 50 ( 15 7 )
  -> 47 (0.336735)
Node 51 ( 16 6 )
  -> 48 (0.333333)
Node 52 ( 16 7 )
  -> 50 (0.333333)
Node 53 ( 17 6 )
  -> 49 (0.3)
  -> 51 (0.333333)
Node 54 ( 17 7 )
  -> 52 (0.333333)
Node 55 ( 18 7 )
  -> 54 (0.333333)
  -> 53 (0.3)
Node 56 ( 19 8 )
  -> 55 (0.3)
Node 57 ( 19 9 )
  -> 56 (0.346939)
Node 58 ( 20 9 )
  -> 56 (0.3)
Node 59 ( 20 10 )
  -> 57 (0.170068)
Node 60 ( 21 10 )
  -> 58 (0.227211)
Node 61 ( 21 11 )
  -> 60 (0.346939)
  -> 59 (0.310204)
Node 62 ( 21 12 )
  -> 61 (0.340136)
Node 63 ( 22 13 )
  -> 62 (0.153061)
Node 64 ( 22 14 )
  -> 63 (0.333333)
Node 65 ( 22 15 )
  -> 64 (0.346939)
Node 66 ( 23 14 )
  -> 63 (0.3)
Node 67 ( 22 16 )
  -> 65 (0.346939)
Node 68 ( 23 15 )
  -> 66 (0.340136)
Node 69 ( 23 16 )
  -> 68 (0.340136)
  -> 65 (0.234014)
Node 70 ( 23 17 )
  -> 67 (0.310204)
  -> 69 (0.343537)
Node 71 ( 24 16 )
  -> 68 (0.170068)
Node 72 ( 24 17 )
  -> 71 (0.343537)
  -> 69 (0.220408)
Node 73 ( 24 18 )
  -> 70 (0.0755102)
Node 74 ( 25 18 )
  -> 72 (0.220408)
Node 75 ( 25 19 )
  -> 74 (0.333333)
  -> 73 (0.310204)
