WellIds: 0 1
Node 0 ( 0 0 )
Node 1 ( 0 1 )
  -> 0 (0.253741)
Node 2 ( 0 2 )
  -> 1 (0.186395)
Node 3 ( 1 1 )
  -> 0 (0.220408)
Node 4 ( 0 3 )
  -> 2 (0.253741)
Node 5 ( 0 4 )
  -> 4 (0.131293)
Node 6 ( 2 2 )
  -> 3 (0.3)
Node 7 ( 2 3 )
  -> 6 (0.340136)
Node 8 ( 1 5 )
  -> 5 (0.227211)
Node 9 ( 3 3 )
  -> 6 (0.306803)
Node 10 ( 1 6 )
  -> 8 (0.2)
Node 11 ( 3 4 )
  -> 7 (0.159864)
  -> 9 (0.138095)
Node 12 ( 1 7 )
  -> 10 (0.144898)
Node 13 ( 4 4 )
  -> 9 (0.118367)
Node 14 ( 1 8 )
  -> 12 (0.108844)
Node 15 ( 4 5 )
  -> 13 (0.27415)
  -> 11 (0.227211)
Node 16 ( 1 9 )
  -> 14 (0.0530612)
Node 17 ( 2 8 )
  -> 14 (0.0530612)
Node 18 ( 4 6 )
  -> 15 (0.2)
Node 19 ( 1 10 )
  -> 16 (0.0952381)
Node 20 ( 3 8 )
  -> 17 (0.0578231)
Node 21 ( 4 7 )
  -> 18 (0.144898)
Node 22 ( 1 11 )
  -> 19 (0.0714286)
Node 23 ( 4 8 )
  -> 20 (0.102041)
  -> 21 (0.108844)
Node 24 ( 5 7 )
  -> 21 (0.0952381)
Node 25 ( 2 11 )
  -> 22 (0.0462585)
Node 26 ( 4 9 )
  -> 23 (0.0530612)
Node 27 ( 5 8 )
  -> 24 (0.131293)
  -> 23 (0.0530612)
Node 28 ( 3 11 )
  -> 25 (0.0578231)
Node 29 ( 4 10 )
  -> 26 (0.0952381)
Node 30 ( 6 8 )
  -> 27 (0.0646259)
Node 31 ( 4 11 )
  -> 28 (0.0952381)
  -> 29 (0.0714286)
Node 32 ( 5 10 )
  -> 29 (0.0646259)
Node 33 ( 6 9 )
  -> 30 (0.0462585)
Node 34 ( 5 11 )
  -> 32 (0.0884354)
  -> 31 (0.0462585)
Node 35 ( 6 10 )
  -> 32 (0.0918367)
  -> 33 (0.0918367)
Node 36 ( 6 11 )
  -> 34 (0.0612245)
  -> 35 (0.0646259)
Node 37 ( 7 10 )
  -> 35 (0.0612245)
Node 38 ( 7 11 )
  -> 37 (0.0884354)
  -> 36 (0.0428571)
Node 39 ( 8 11 )
  -> 38 (0.0578231)
Node 40 ( 9 11 )
  -> 39 (0.0918367)
Node 41 ( 10 11 )
  -> 40 (0.0612245)
Node 42 ( 11 11 )
  -> 41 (0.0884354)
Node 43 ( 11 12 )
  -> 42 (0.148299)
Node 44 ( 12 13 )
  -> 43 (0.170068)
Node 45 ( 13 14 )
  -> 44 (0.237415)
Node 46 ( 14 14 )
  -> 45 (0.0782313)
Node 47 ( 14 15 )
  -> 46 (0.0428571)
Node 48 ( 15 14 )
  -> 46 (0.0428571)
Node 49 ( 14 16 )
  -> 47 (0.0918367)
Node 50 ( 16 14 )
  -> 48 (0.0578231)
Node 51 ( 15 16 )
  -> 49 (0.0612245)
Node 52 ( 17 14 )
  -> 50 (0.0884354)
Node 53 ( 16 16 )
  -> 51 (0.0884354)
Node 54 ( 17 15 )
  -> 52 (0.138095)
Node 55 ( 18 14 )
  -> 52 (0.131293)
Node 56 ( 17 16 )
  -> 53 (0.131293)
Node 57 ( 18 15 )
  -> 54 (0.267347)
  -> 55 (0.193197)
Node 58 ( 19 14 )
  -> 55 (0.186395)
Node 59 ( 18 16 )
  -> 56 (0.186395)
Node 60 ( 19 16 )
  -> 59 (0.253741)
  -> 57 (0.306803)
Node 61 ( 20 15 )
  -> 58 (0.3)
Node 62 ( 20 17 )
  -> 60 (0.220408)
Node 63 ( 21 16 )
  -> 61 (0.227211)
Node 64 ( 21 17 )
  -> 63 (0.193197)
  -> 62 (0.131293)
Node 65 ( 22 16 )
  -> 63 (0.193197)
Node 66 ( 22 17 )
  -> 64 (0.27415)
Node 67 ( 22 18 )
  -> 64 (0.220408)
Node 68 ( 23 17 )
  -> 65 (0.310204)
Node 69 ( 23 18 )
  -> 68 (0.0986395)
  -> 67 (0.186395)
  -> 66 (0.118367)
Node 70 ( 24 18 )
  -> 68 (0.0755102)
Node 71 ( 24 19 )
  -> 69 (0.128571)
Node 72 ( 25 19 )
  -> 70 (0.310204)
  -> 71 (0.161905)
