WellIds: 0 1
Node 0 ( 0 0 )
Node 1 ( 1 0 )
  -> 0 (0.112925)
Node 2 ( 2 0 )
  -> 1 (0.112925)
Node 3 ( 3 0 )
  -> 2 (0.0333333)
Node 4 ( 4 0 )
  -> 3 (0.112925)
Node 5 ( 5 0 )
  -> 4 (0.112925)
Node 6 ( 6 0 )
  -> 5 (0.0333333)
Node 7 ( 6 1 )
  -> 6 (0.112925)
Node 8 ( 7 0 )
  -> 6 (0.112925)
Node 9 ( 6 2 )
  -> 7 (0.0367347)
Node 10 ( 7 1 )
  -> 7 (0.0367347)
  -> 8 (0.0367347)
Node 11 ( 8 0 )
  -> 8 (0.0333333)
Node 12 ( 7 2 )
  -> 9 (0.116327)
  -> 10 (0.116327)
Node 13 ( 9 0 )
  -> 11 (0.112925)
Node 14 ( 8 2 )
  -> 12 (0.0333333)
Node 15 ( 9 1 )
  -> 13 (0.0333333)
Node 16 ( 10 0 )
  -> 13 (0.0333333)
Node 17 ( 9 2 )
  -> 14 (0.116327)
  -> 15 (0.116327)
Node 18 ( 11 0 )
  -> 16 (0.112925)
Node 19 ( 10 2 )
  -> 17 (0.0367347)
Node 20 ( 11 1 )
  -> 16 (0.22381)
Node 21 ( 12 0 )
  -> 18 (0.180272)
Node 22 ( 11 2 )
  -> 19 (0.112925)
Node 23 ( 12 1 )
  -> 18 (0.163265)
Node 24 ( 12 2 )
  -> 20 (0.101361)
Node 25 ( 13 1 )
  -> 21 (0.0244898)
Node 26 ( 12 3 )
  -> 22 (0.173469)
Node 27 ( 13 2 )
  -> 23 (0.0333333)
Node 28 ( 14 1 )
  -> 25 (0.112925)
Node 29 ( 13 3 )
  -> 27 (0.0503401)
  -> 24 (0.0244898)
Node 30 ( 14 2 )
  -> 28 (0.0367347)
  -> 27 (0.0537415)
Node 31 ( 15 1 )
  -> 28 (0.0367347)
Node 32 ( 13 4 )
  -> 26 (0.0544218)
Node 33 ( 15 2 )
  -> 31 (0.116327)
  -> 30 (0.116327)
Node 34 ( 16 1 )
  -> 31 (0.119728)
Node 35 ( 14 4 )
  -> 32 (0.0741497)
  -> 29 (0.159864)
Node 36 ( 15 3 )
  -> 33 (0.0401361)
Node 37 ( 16 2 )
  -> 33 (0.0333333)
Node 38 ( 15 4 )
  -> 35 (0.119728)
Node 39 ( 17 2 )
  -> 34 (0.156463)
  -> 37 (0.112925)
Node 40 ( 15 5 )
  -> 38 (0.0333333)
Node 41 ( 16 4 )
  -> 36 (0.159864)
  -> 38 (0.0333333)
Node 42 ( 17 3 )
  -> 37 (0.227211)
Node 43 ( 16 5 )
  -> 40 (0.112925)
  -> 41 (0.112925)
Node 44 ( 18 3 )
  -> 39 (0.159864)
Node 45 ( 16 6 )
  -> 43 (0.0333333)
Node 46 ( 17 5 )
  -> 43 (0.0333333)
Node 47 ( 18 4 )
  -> 42 (0.0619048)
Node 48 ( 17 6 )
  -> 45 (0.112925)
  -> 46 (0.112925)
Node 49 ( 19 4 )
  -> 44 (0.0312925)
Node 50 ( 17 7 )
  -> 48 (0.0333333)
Node 51 ( 18 6 )
  -> 48 (0.0333333)
Node 52 ( 19 5 )
  -> 47 (0.0979592)
Node 53 ( 18 7 )
  -> 51 (0.112925)
  -> 50 (0.112925)
Node 54 ( 20 5 )
  -> 49 (0.0278912)
Node 55 ( 18 8 )
  -> 53 (0.0333333)
Node 56 ( 20 6 )
  -> 52 (0.0585034)
Node 57 ( 18 9 )
  -> 55 (0.187075)
Node 58 ( 21 6 )
  -> 54 (0.108163)
Node 59 ( 18 10 )
  -> 57 (0.0401361)
Node 60 ( 21 7 )
  -> 56 (0.163265)
  -> 58 (0.0469388)
Node 61 ( 22 6 )
  -> 58 (0.0401361)
Node 62 ( 19 10 )
  -> 59 (0.112925)
Node 63 ( 22 7 )
  -> 61 (0.180272)
  -> 60 (0.119728)
Node 64 ( 19 11 )
  -> 62 (0.112925)
Node 65 ( 22 8 )
  -> 63 (0.112925)
Node 66 ( 19 12 )
  -> 64 (0.0673469)
Node 67 ( 22 9 )
  -> 65 (0.126531)
Node 68 ( 22 10 )
  -> 67 (0.126531)
Node 69 ( 20 13 )
  -> 66 (0.0721088)
Node 70 ( 22 11 )
  -> 68 (0.0333333)
Node 71 ( 20 14 )
  -> 69 (0.0503401)
Node 72 ( 22 12 )
  -> 70 (0.146939)
Node 73 ( 20 15 )
  -> 71 (0.116327)
Node 74 ( 20 16 )
  -> 73 (0.116327)
Node 75 ( 23 13 )
  -> 72 (0.0891156)
Node 76 ( 20 17 )
  -> 74 (0.0367347)
Node 77 ( 23 14 )
  -> 75 (0.112925)
Node 78 ( 23 15 )
  -> 77 (0.0401361)
Node 79 ( 21 18 )
  -> 76 (0.104762)
Node 80 ( 23 16 )
  -> 78 (0.187075)
Node 81 ( 22 18 )
  -> 79 (0.0401361)
Node 82 ( 23 17 )
  -> 80 (0.123129)
Node 83 ( 24 16 )
  -> 78 (0.170068)
Node 84 ( 24 17 )
  -> 83 (0.190476)
Node 85 ( 23 19 )
  -> 81 (0.153061)
Node 86 ( 24 18 )
  -> 84 (0.123129)
  -> 82 (0.0755102)
Node 87 ( 24 19 )
  -> 85 (0.0639456)
  -> 86 (0.0741497)
Node 88 ( 25 18 )
  -> 86 (0.0435374)
Node 89 ( 25 19 )
  -> 87 (0.265986)
  -> 86 (0.310204)
  -> 88 (0.235374)
