WellIds: 0 1
Node 0 ( 0 0 )
Node 1 ( 1 1 )
  -> 0 (1767.45)
Node 2 ( 2 2 )
  -> 1 (1873.24)
Node 3 ( 3 3 )
  -> 2 (1936.92)
Node 4 ( 4 4 )
  -> 3 (1563.72)
Node 5 ( 5 5 )
  -> 4 (1381.25)
Node 6 ( 6 6 )
  -> 5 (1156.82)
Node 7 ( 7 7 )
  -> 6 (1131.6)
Node 8 ( 8 8 )
  -> 7 (1165.05)
Node 9 ( 9 8 )
  -> 8 (1284.9)
Node 10 ( 10 8 )
  -> 9 (1574.66)
Node 11 ( 11 8 )
  -> 10 (1657.17)
Node 12 ( 12 8 )
  -> 11 (1763.19)
Node 13 ( 13 8 )
  -> 12 (1884.94)
Node 14 ( 14 8 )
  -> 13 (1701.11)
Node 15 ( 15 8 )
  -> 14 (1047.64)
Node 16 ( 16 8 )
  -> 15 (279.295)
Node 17 ( 17 8 )
  -> 16 (30.1215)
Node 18 ( 18 8 )
  -> 17 (0.00650604)
Node 19 ( 19 9 )
  -> 18 (0.352788)
Node 20 ( 19 10 )
  -> 19 (5.60958)
Node 21 ( 19 11 )
  -> 20 (13.7928)
Node 22 ( 19 12 )
  -> 21 (12.8594)
Node 23 ( 19 13 )
  -> 22 (3.15944)
Node 24 ( 20 14 )
  -> 23 (0.177827)
Node 25 ( 21 14 )
  -> 24 (2.10234)
Node 26 ( 22 15 )
  -> 25 (0.110105)
Node 27 ( 23 15 )
  -> 26 (2.12116)
Node 28 ( 24 16 )
  -> 27 (0.628088)
Node 29 ( 25 16 )
  -> 28 (0.0297804)
Node 30 ( 26 16 )
  -> 29 (1.78909)
Node 31 ( 27 16 )
  -> 30 (0.850674)
Node 32 ( 28 16 )
  -> 31 (0.0639989)
Node 33 ( 29 17 )
  -> 32 (1.95657)
Node 34 ( 29 18 )
  -> 33 (0.0239507)
Node 35 ( 30 18 )
  -> 34 (0.437199)
  -> 33 (0.437199)
Node 36 ( 31 18 )
  -> 35 (0.108531)
Node 37 ( 31 19 )
  -> 35 (0.192453)
Node 38 ( 32 19 )
  -> 37 (0.119782)
  -> 36 (0.119782)
Node 39 ( 33 20 )
  -> 38 (0.122815)
Node 40 ( 34 21 )
  -> 39 (0.77447)
Node 41 ( 34 22 )
  -> 40 (0.000830592)
Node 42 ( 34 23 )
  -> 41 (0.482893)
Node 43 ( 34 24 )
  -> 42 (1.23681)
Node 44 ( 35 25 )
  -> 43 (0.235968)
Node 45 ( 35 26 )
  -> 44 (0.0507015)
Node 46 ( 35 27 )
  -> 45 (2.22781)
Node 47 ( 35 28 )
  -> 46 (7.21006)
Node 48 ( 35 29 )
  -> 47 (3.54454)
Node 49 ( 35 30 )
  -> 48 (0.453825)
Node 50 ( 35 31 )
  -> 49 (3.31276)
Node 51 ( 35 32 )
  -> 50 (0.0077669)
Node 52 ( 36 33 )
  -> 51 (3.66424)
Node 53 ( 36 34 )
  -> 52 (4.16885)
Node 54 ( 37 35 )
  -> 53 (16.4486)
Node 55 ( 38 35 )
  -> 54 (85.5798)
Node 56 ( 39 35 )
  -> 55 (121.795)
Node 57 ( 40 35 )
  -> 56 (79.9752)
Node 58 ( 41 36 )
  -> 57 (23.2054)
Node 59 ( 42 37 )
  -> 58 (0.322772)
Node 60 ( 43 38 )
  -> 59 (28.0513)
Node 61 ( 44 38 )
  -> 60 (65.8124)
Node 62 ( 45 38 )
  -> 61 (48.7344)
Node 63 ( 46 38 )
  -> 62 (7.30945)
Node 64 ( 47 38 )
  -> 63 (4.06587)
Node 65 ( 48 38 )
  -> 64 (3.48836)
Node 66 ( 49 38 )
  -> 65 (34.8106)
Node 67 ( 50 38 )
  -> 66 (31.2023)
Node 68 ( 51 38 )
  -> 67 (27.4215)
Node 69 ( 52 38 )
  -> 68 (10.4461)
Node 70 ( 53 38 )
  -> 69 (13.4935)
Node 71 ( 54 38 )
  -> 70 (8.63831)
Node 72 ( 55 38 )
  -> 71 (4.20599)
Node 73 ( 56 38 )
  -> 72 (11.3387)
Node 74 ( 57 38 )
  -> 73 (28.1869)
Node 75 ( 58 38 )
  -> 74 (79.4754)
Node 76 ( 59 38 )
  -> 75 (88.3656)
Node 77 ( 60 38 )
  -> 76 (35.2616)
Node 78 ( 61 39 )
  -> 77 (0.695523)
Node 79 ( 61 40 )
  -> 78 (9.8859)
Node 80 ( 62 41 )
  -> 79 (7.42481)
Node 81 ( 63 42 )
  -> 80 (61.6707)
Node 82 ( 64 42 )
  -> 81 (131.577)
Node 83 ( 65 42 )
  -> 82 (217.284)
Node 84 ( 66 42 )
  -> 83 (211.826)
Node 85 ( 67 42 )
  -> 84 (100.368)
Node 86 ( 68 42 )
  -> 85 (5.60823)
Node 87 ( 69 42 )
  -> 86 (13.3885)
Node 88 ( 70 42 )
  -> 87 (87.5341)
Node 89 ( 71 42 )
  -> 88 (155.393)
Node 90 ( 72 42 )
  -> 89 (114.787)
Node 91 ( 73 42 )
  -> 90 (7.15873)
Node 92 ( 74 42 )
  -> 91 (21.3043)
Node 93 ( 75 42 )
  -> 92 (80.5232)
Node 94 ( 76 42 )
  -> 93 (100.875)
Node 95 ( 77 42 )
  -> 94 (167.785)
Node 96 ( 78 42 )
  -> 95 (175.576)
Node 97 ( 79 42 )
  -> 96 (179.222)
Node 98 ( 80 42 )
  -> 97 (20.8581)
Node 99 ( 81 43 )
  -> 98 (5.21095)
Node 100 ( 81 44 )
  -> 99 (5.40855)
Node 101 ( 81 45 )
  -> 100 (19.9825)
Node 102 ( 81 46 )
  -> 101 (3.46947)
Node 103 ( 81 47 )
  -> 102 (3.99488)
Node 104 ( 82 48 )
  -> 103 (16.5654)
Node 105 ( 83 49 )
  -> 104 (0.06428)
Node 106 ( 84 49 )
  -> 105 (4.99393)
Node 107 ( 85 49 )
  -> 106 (10.9013)
Node 108 ( 86 49 )
  -> 107 (3.24148)
Node 109 ( 87 50 )
  -> 108 (2.62698)
Node 110 ( 88 50 )
  -> 109 (0.0144721)
Node 111 ( 89 50 )
  -> 110 (0.0127916)
Node 112 ( 90 50 )
  -> 111 (0.028561)
Node 113 ( 91 50 )
  -> 112 (2.06669)
Node 114 ( 92 50 )
  -> 113 (5.29428)
Node 115 ( 93 50 )
  -> 114 (12.0732)
Node 116 ( 94 50 )
  -> 115 (13.0581)
Node 117 ( 95 50 )
  -> 116 (12.0104)
Node 118 ( 96 50 )
  -> 117 (3.24529)
Node 119 ( 97 50 )
  -> 118 (3.60221)
Node 120 ( 98 50 )
  -> 119 (33.0067)
Node 121 ( 99 50 )
  -> 120 (35.459)
Node 122 ( 100 50 )
  -> 121 (9.78582)
Node 123 ( 101 50 )
  -> 122 (0.392565)
Node 124 ( 102 50 )
  -> 123 (2.03134)
Node 125 ( 103 50 )
  -> 124 (1.94854)
Node 126 ( 104 50 )
  -> 125 (1.01496)
Node 127 ( 105 50 )
  -> 126 (14.0472)
Node 128 ( 106 50 )
  -> 127 (22.3346)
Node 129 ( 107 50 )
  -> 128 (6.48925)
Node 130 ( 108 50 )
  -> 129 (0.225103)
Node 131 ( 109 50 )
  -> 130 (3.87053)
Node 132 ( 110 50 )
  -> 131 (4.1616)
Node 133 ( 111 50 )
  -> 132 (2.44797)
Node 134 ( 112 50 )
  -> 133 (1.35804)
Node 135 ( 113 50 )
  -> 134 (4.77055)
Node 136 ( 114 50 )
  -> 135 (7.07374)
Node 137 ( 115 50 )
  -> 136 (10.7404)
Node 138 ( 116 50 )
  -> 137 (11.9612)
Node 139 ( 117 50 )
  -> 138 (15.2861)
Node 140 ( 118 50 )
  -> 139 (15.8973)
Node 141 ( 119 50 )
  -> 140 (14.1688)
Node 142 ( 120 50 )
  -> 141 (13.786)
Node 143 ( 121 50 )
  -> 142 (8.04034)
Node 144 ( 122 51 )
  -> 143 (0.429274)
Node 145 ( 123 52 )
  -> 144 (3.76203)
Node 146 ( 124 52 )
  -> 145 (12.1097)
Node 147 ( 125 52 )
  -> 146 (4.09959)
Node 148 ( 126 52 )
  -> 147 (0.368807)
Node 149 ( 127 52 )
  -> 148 (4.97132)
Node 150 ( 128 53 )
  -> 149 (6.02462)
Node 151 ( 129 53 )
  -> 150 (1.4844)
Node 152 ( 130 53 )
  -> 151 (0.00268739)
Node 153 ( 131 54 )
  -> 152 (3.49047)
Node 154 ( 132 54 )
  -> 153 (5.87185)
Node 155 ( 133 55 )
  -> 154 (3.18498)
Node 156 ( 134 56 )
  -> 155 (9.74885)
Node 157 ( 135 57 )
  -> 156 (16.2873)
Node 158 ( 136 58 )
  -> 157 (0.00931225)
Node 159 ( 136 59 )
  -> 158 (19.1781)
Node 160 ( 137 60 )
  -> 159 (12.1175)
Node 161 ( 137 61 )
  -> 160 (6.78621)
Node 162 ( 137 62 )
  -> 161 (0.00220994)
Node 163 ( 138 62 )
  -> 162 (36.0137)
  -> 161 (36.0137)
Node 164 ( 139 62 )
  -> 163 (27.0007)
Node 165 ( 140 62 )
  -> 164 (11.7968)
Node 166 ( 141 62 )
  -> 165 (6.65351)
Node 167 ( 142 62 )
  -> 166 (2.26996)
Node 168 ( 143 62 )
  -> 167 (10.8015)
Node 169 ( 144 62 )
  -> 168 (52.212)
Node 170 ( 145 62 )
  -> 169 (81.9389)
Node 171 ( 146 62 )
  -> 170 (8.4766)
Node 172 ( 147 63 )
  -> 171 (0.714667)
Node 173 ( 148 64 )
  -> 172 (19.8795)
Node 174 ( 149 64 )
  -> 173 (37.265)
Node 175 ( 150 64 )
  -> 174 (42.3152)
Node 176 ( 151 64 )
  -> 175 (37.846)
Node 177 ( 152 64 )
  -> 176 (43.5395)
Node 178 ( 153 64 )
  -> 177 (27.225)
Node 179 ( 154 64 )
  -> 178 (9.8999)
Node 180 ( 155 65 )
  -> 179 (0.456604)
Node 181 ( 155 66 )
  -> 180 (5.59864)
Node 182 ( 156 67 )
  -> 181 (6.95562)
Node 183 ( 156 68 )
  -> 182 (0.723946)
Node 184 ( 156 69 )
  -> 183 (1.43893)
Node 185 ( 156 70 )
  -> 184 (0.0305655)
Node 186 ( 156 71 )
  -> 185 (4.12949)
Node 187 ( 156 72 )
  -> 186 (18.774)
Node 188 ( 156 73 )
  -> 187 (4.36357)
Node 189 ( 156 74 )
  -> 188 (0.406056)
Node 190 ( 156 75 )
  -> 189 (12.3245)
Node 191 ( 156 76 )
  -> 190 (8.79152)
Node 192 ( 156 77 )
  -> 191 (4.77425)
Node 193 ( 156 78 )
  -> 192 (0.701725)
Node 194 ( 157 79 )
  -> 193 (9.31971)
Node 195 ( 157 80 )
  -> 194 (0.518321)
Node 196 ( 157 81 )
  -> 195 (0.109872)
Node 197 ( 157 82 )
  -> 196 (0.0470391)
Node 198 ( 157 83 )
  -> 197 (0.504377)
Node 199 ( 158 84 )
  -> 198 (2.42627)
Node 200 ( 159 85 )
  -> 199 (1.55518)
Node 201 ( 159 86 )
  -> 200 (0.0853896)
Node 202 ( 159 87 )
  -> 201 (4.96973)
Node 203 ( 159 88 )
  -> 202 (11.6196)
Node 204 ( 160 89 )
  -> 203 (6.97858)
Node 205 ( 160 90 )
  -> 204 (0.206384)
Node 206 ( 160 91 )
  -> 205 (1.52178)
Node 207 ( 161 92 )
  -> 206 (0.0393923)
Node 208 ( 162 93 )
  -> 207 (0.289762)
Node 209 ( 162 94 )
  -> 208 (8.3189)
Node 210 ( 162 95 )
  -> 209 (10.2914)
Node 211 ( 162 96 )
  -> 210 (5.15251)
Node 212 ( 163 97 )
  -> 211 (0.352806)
Node 213 ( 164 97 )
  -> 212 (0.818527)
Node 214 ( 165 98 )
  -> 213 (3.46122)
Node 215 ( 166 98 )
  -> 214 (1.7701)
Node 216 ( 167 99 )
  -> 215 (0.0857641)
Node 217 ( 168 100 )
  -> 216 (2.20003)
Node 218 ( 168 101 )
  -> 217 (3.48293)
Node 219 ( 168 102 )
  -> 218 (0.345056)
Node 220 ( 168 103 )
  -> 219 (0.931032)
Node 221 ( 169 104 )
  -> 220 (0.00138421)
Node 222 ( 169 105 )
  -> 221 (0.0876278)
Node 223 ( 169 106 )
  -> 222 (0.444836)
Node 224 ( 169 107 )
  -> 223 (2.20062)
Node 225 ( 169 108 )
  -> 224 (7.86258)
Node 226 ( 169 109 )
  -> 225 (9.42527)
Node 227 ( 169 110 )
  -> 226 (0.0327375)
Node 228 ( 169 111 )
  -> 227 (2.6389)
Node 229 ( 169 112 )
  -> 228 (8.1476)
Node 230 ( 169 113 )
  -> 229 (1.20254)
Node 231 ( 169 114 )
  -> 230 (1.20254)
