WeCo WellList 2
5
FW_01
72
0.000000 0.000000 0.000000 35.500000
2
DEPTH 72
0.000000
0.500000
1.000000
1.500000
2.000000
2.500000
3.000000
3.500000
4.000000
4.500000
5.000000
5.500000
6.000000
6.500000
7.000000
7.500000
8.000000
8.500000
9.000000
9.500000
10.000000
10.500000
11.000000
11.500000
12.000000
12.500000
13.000000
13.500000
14.000000
14.500000
15.000000
15.500000
16.000000
16.500000
17.000000
17.500000
18.000000
18.500000
19.000000
19.500000
20.000000
20.500000
21.000000
21.500000
22.000000
22.500000
23.000000
23.500000
24.000000
24.500000
25.000000
25.500000
26.000000
26.500000
27.000000
27.500000
28.000000
28.500000
29.000000
29.500000
30.000000
30.500000
31.000000
31.500000
32.000000
32.500000
33.000000
33.500000
34.000000
34.500000
35.000000
35.500000
GR 72
128.230855
100.121197
74.652878
43.683371
31.199540
36.933915
39.413957
34.073494
119.482285
111.006748
110.118076
99.149420
96.138264
116.875245
105.391299
111.492161
108.988617
83.494871
55.150388
45.263378
49.566446
24.551693
28.250407
31.310309
99.652238
102.981682
103.225108
108.345109
116.549964
89.163922
65.933675
54.865361
44.141488
49.657816
27.213741
39.593497
101.779101
97.336591
114.689556
101.483953
101.898913
93.890531
88.214426
110.074408
110.677869
93.212021
80.264460
50.550423
33.329020
39.549937
38.616978
27.905677
105.139716
115.682166
115.123616
110.679826
98.068793
104.570595
109.823339
103.305073
115.119857
80.862727
60.423051
46.095969
38.733050
45.561762
26.118014
37.095217
108.340677
106.117997
98.380785
101.346446
1
FACIES 13
1 0 8
0 8 4
0 12 4
1 16 8
0 24 4
1 28 8
0 36 4
0 40 4
1 44 8
0 52 4
0 56 4
1 60 8
0 68 4
FW_02
80
500.000000 0.000000 0.000000 39.500000
2
DEPTH 80
0.000000
0.500000
1.000000
1.500000
2.000000
2.500000
3.000000
3.500000
4.000000
4.500000
5.000000
5.500000
6.000000
6.500000
7.000000
7.500000
8.000000
8.500000
9.000000
9.500000
10.000000
10.500000
11.000000
11.500000
12.000000
12.500000
13.000000
13.500000
14.000000
14.500000
15.000000
15.500000
16.000000
16.500000
17.000000
17.500000
18.000000
18.500000
19.000000
19.500000
20.000000
20.500000
21.000000
21.500000
22.000000
22.500000
23.000000
23.500000
24.000000
24.500000
25.000000
25.500000
26.000000
26.500000
27.000000
27.500000
28.000000
28.500000
29.000000
29.500000
30.000000
30.500000
31.000000
31.500000
32.000000
32.500000
33.000000
33.500000
34.000000
34.500000
35.000000
35.500000
36.000000
36.500000
37.000000
37.500000
38.000000
38.500000
39.000000
39.500000
GR 80
135.788443
87.778380
69.784783
56.773060
50.787073
34.496213
27.641569
29.523088
102.913445
111.325414
106.516883
106.914164
121.160076
96.812778
61.138104
47.641958
49.422987
35.545063
35.410175
24.168093
105.186649
108.454671
94.380507
99.440527
108.384501
122.990465
108.698288
104.528643
113.238310
90.118844
45.467867
51.072573
39.700784
32.241041
51.085977
10.211692
104.821801
105.551833
108.738639
92.186394
116.267019
75.022250
64.458171
53.036162
43.657838
34.812266
34.010693
31.418893
108.240547
105.201802
90.737035
98.482346
107.764587
97.717364
98.612601
105.906851
119.635766
94.136293
69.573953
47.987736
43.255973
13.525524
26.143909
28.820542
85.902055
102.420456
107.013120
113.279601
123.223411
102.059914
77.702792
38.393916
40.533535
35.146908
33.256653
25.418170
109.883163
110.960234
92.805972
112.562990
1
FACIES 14
1 0 8
0 8 4
1 12 8
0 20 4
0 24 4
1 28 8
0 36 4
1 40 8
0 48 4
0 52 4
1 56 8
0 64 4
1 68 8
0 76 4
FW_03
72
1000.000000 0.000000 0.000000 35.500000
2
DEPTH 72
0.000000
0.500000
1.000000
1.500000
2.000000
2.500000
3.000000
3.500000
4.000000
4.500000
5.000000
5.500000
6.000000
6.500000
7.000000
7.500000
8.000000
8.500000
9.000000
9.500000
10.000000
10.500000
11.000000
11.500000
12.000000
12.500000
13.000000
13.500000
14.000000
14.500000
15.000000
15.500000
16.000000
16.500000
17.000000
17.500000
18.000000
18.500000
19.000000
19.500000
20.000000
20.500000
21.000000
21.500000
22.000000
22.500000
23.000000
23.500000
24.000000
24.500000
25.000000
25.500000
26.000000
26.500000
27.000000
27.500000
28.000000
28.500000
29.000000
29.500000
30.000000
30.500000
31.000000
31.500000
32.000000
32.500000
33.000000
33.500000
34.000000
34.500000
35.000000
35.500000
GR 72
99.819621
113.450397
109.517224
103.955688
135.906987
94.107409
65.737691
53.460489
61.663014
47.733486
40.120726
31.721755
109.502252
106.187850
92.793688
112.085369
123.318157
76.181001
60.340513
49.485092
44.947646
50.227239
32.664940
14.470074
110.198426
103.655202
91.057867
86.746329
111.485309
90.012168
59.412298
56.266476
40.093120
37.865893
38.146451
34.631339
96.580133
120.424694
89.181552
103.496166
96.827274
114.521359
94.515813
96.726954
110.887909
75.959708
60.896502
52.910413
34.584987
22.844229
30.274171
29.634241
110.573578
98.403061
103.380809
112.138011
111.939191
86.099001
62.482932
39.824256
41.301031
45.270019
50.370196
18.343404
112.356836
113.822301
114.650633
101.439430
107.449232
100.043004
109.417535
114.522036
1
FACIES 13
0 0 4
1 4 8
0 12 4
1 16 8
0 24 4
1 28 8
0 36 4
0 40 4
1 44 8
0 52 4
1 56 8
0 64 4
0 68 4
FW_04
72
1500.000000 0.000000 0.000000 35.500000
2
DEPTH 72
0.000000
0.500000
1.000000
1.500000
2.000000
2.500000
3.000000
3.500000
4.000000
4.500000
5.000000
5.500000
6.000000
6.500000
7.000000
7.500000
8.000000
8.500000
9.000000
9.500000
10.000000
10.500000
11.000000
11.500000
12.000000
12.500000
13.000000
13.500000
14.000000
14.500000
15.000000
15.500000
16.000000
16.500000
17.000000
17.500000
18.000000
18.500000
19.000000
19.500000
20.000000
20.500000
21.000000
21.500000
22.000000
22.500000
23.000000
23.500000
24.000000
24.500000
25.000000
25.500000
26.000000
26.500000
27.000000
27.500000
28.000000
28.500000
29.000000
29.500000
30.000000
30.500000
31.000000
31.500000
32.000000
32.500000
33.000000
33.500000
34.000000
34.500000
35.000000
35.500000
GR 72
117.950899
88.690667
72.288912
57.143728
36.984346
47.295020
36.337037
31.172786
105.262487
110.531942
113.180183
94.807687
98.013019
91.164697
108.518583
108.058527
117.185999
78.195633
75.939932
64.255927
54.960579
36.786387
33.638554
31.097338
103.911809
95.173001
100.146455
111.522163
104.975836
101.185718
102.984183
118.995974
131.895522
95.802701
66.891077
41.787910
43.894436
33.815563
37.479884
38.187461
99.540244
115.545850
105.462884
105.719814
115.533916
85.497418
66.227018
49.871108
39.808062
33.241986
48.824047
28.355778
111.046333
105.619298
81.633145
129.972751
105.011426
100.587037
115.521484
116.877797
115.437779
80.329541
58.387201
54.267459
43.648024
42.668803
31.612189
25.900108
105.953788
100.428794
110.279994
108.334844
1
FACIES 13
1 0 8
0 8 4
0 12 4
1 16 8
0 24 4
0 28 4
1 32 8
0 40 4
1 44 8
0 52 4
0 56 4
1 60 8
0 68 4
FW_05
72
2000.000000 0.000000 0.000000 35.500000
2
DEPTH 72
0.000000
0.500000
1.000000
1.500000
2.000000
2.500000
3.000000
3.500000
4.000000
4.500000
5.000000
5.500000
6.000000
6.500000
7.000000
7.500000
8.000000
8.500000
9.000000
9.500000
10.000000
10.500000
11.000000
11.500000
12.000000
12.500000
13.000000
13.500000
14.000000
14.500000
15.000000
15.500000
16.000000
16.500000
17.000000
17.500000
18.000000
18.500000
19.000000
19.500000
20.000000
20.500000
21.000000
21.500000
22.000000
22.500000
23.000000
23.500000
24.000000
24.500000
25.000000
25.500000
26.000000
26.500000
27.000000
27.500000
28.000000
28.500000
29.000000
29.500000
30.000000
30.500000
31.000000
31.500000
32.000000
32.500000
33.000000
33.500000
34.000000
34.500000
35.000000
35.500000
GR 72
109.449156
108.618501
101.645719
91.215424
130.137781
95.665073
59.529538
58.662536
43.582863
35.809688
32.470429
23.353703
103.953033
105.416819
106.624259
99.989910
108.062879
100.339142
100.962525
105.634215
116.293866
78.712890
61.237624
45.843781
43.352526
41.771180
37.165405
24.590980
102.089217
107.090059
91.984562
111.786726
129.700373
92.443499
47.948227
53.525648
27.437292
43.713760
15.024128
18.551727
107.768787
93.457987
82.803364
96.175060
108.406379
95.384498
96.069259
106.253359
119.839160
96.801126
72.193656
48.623762
36.498143
44.878318
26.929526
21.064210
108.585381
100.004623
92.416105
109.797909
127.102536
77.224252
62.409117
47.536024
40.923480
32.719325
20.343235
30.190804
102.250384
106.008175
110.260314
111.486021
1
FACIES 13
0 0 4
1 4 8
0 12 4
0 16 4
1 20 8
0 28 4
1 32 8
0 40 4
0 44 4
1 48 8
0 56 4
1 60 8
0 68 4
END
