WellIds: 0 1 2
Node 0 ( 0 0 0 )
Node 1 ( 1 0 1 )
  -> 0 (0.671103)
Node 2 ( 2 0 1 )
  -> 1 (0.641683)
Node 3 ( 3 0 1 )
  -> 2 (0.602236)
Node 4 ( 4 0 1 )
  -> 3 (0.554399)
Node 5 ( 5 0 1 )
  -> 4 (0.500113)
Node 6 ( 6 0 1 )
  -> 5 (0.441518)
Node 7 ( 7 0 1 )
  -> 6 (0.380858)
Node 8 ( 8 0 1 )
  -> 7 (0.320322)
Node 9 ( 9 0 1 )
  -> 8 (0.26198)
Node 10 ( 10 0 1 )
  -> 9 (0.207644)
Node 11 ( 11 0 1 )
  -> 10 (0.158808)
Node 12 ( 12 0 1 )
  -> 11 (0.116565)
Node 13 ( 13 0 1 )
  -> 12 (0.081581)
Node 14 ( 14 0 1 )
  -> 13 (0.0540814)
Node 15 ( 15 0 1 )
  -> 14 (0.0338708)
Node 16 ( 16 0 1 )
  -> 15 (0.0203684)
Node 17 ( 17 0 1 )
  -> 16 (0.0126819)
Node 18 ( 18 0 1 )
  -> 17 (0.00968432)
Node 19 ( 19 0 1 )
  -> 18 (0.0101159)
Node 20 ( 20 0 1 )
  -> 19 (0.0126819)
Node 21 ( 21 1 1 )
  -> 20 (0.0189943)
Node 22 ( 22 2 1 )
  -> 21 (0.0243704)
Node 23 ( 23 3 1 )
  -> 22 (0.0279567)
Node 24 ( 24 4 1 )
  -> 23 (0.0292143)
Node 25 ( 25 5 1 )
  -> 24 (0.0279567)
Node 26 ( 26 6 1 )
  -> 25 (0.0243704)
Node 27 ( 27 7 1 )
  -> 26 (0.0189943)
Node 28 ( 28 8 1 )
  -> 27 (0.0126819)
Node 29 ( 29 9 1 )
  -> 28 (0.00654368)
Node 30 ( 30 10 1 )
  -> 29 (0.00186253)
Node 31 ( 31 11 1 )
  -> 30 (0)
Node 32 ( 32 12 2 )
  -> 31 (0)
Node 33 ( 33 13 3 )
  -> 32 (0)
Node 34 ( 34 14 4 )
  -> 33 (0)
Node 35 ( 35 15 5 )
  -> 34 (0)
Node 36 ( 36 16 6 )
  -> 35 (0)
Node 37 ( 37 17 7 )
  -> 36 (0)
Node 38 ( 38 18 8 )
  -> 37 (0)
Node 39 ( 39 19 9 )
  -> 38 (0)
Node 40 ( 40 20 10 )
  -> 39 (0)
Node 41 ( 41 21 11 )
  -> 40 (0)
Node 42 ( 42 22 12 )
  -> 41 (0)
Node 43 ( 43 23 13 )
  -> 42 (0)
Node 44 ( 44 24 14 )
  -> 43 (0)
Node 45 ( 45 25 15 )
  -> 44 (0)
Node 46 ( 46 26 16 )
  -> 45 (0)
Node 47 ( 47 27 17 )
  -> 46 (0)
Node 48 ( 48 28 18 )
  -> 47 (0)
Node 49 ( 49 29 19 )
  -> 48 (0)
Node 50 ( 50 29 19 )
  -> 49 (1.38338e-05)
Node 51 ( 50 30 20 )
  -> 50 (0)
  -> 49 (0)
Node 52 ( 51 31 21 )
  -> 51 (0)
Node 53 ( 52 32 22 )
  -> 52 (0)
Node 54 ( 53 33 23 )
  -> 53 (0)
Node 55 ( 54 34 24 )
  -> 54 (0)
Node 56 ( 55 35 25 )
  -> 55 (0)
Node 57 ( 56 36 26 )
  -> 56 (0)
Node 58 ( 57 37 27 )
  -> 57 (0)
Node 59 ( 58 38 28 )
  -> 58 (0)
Node 60 ( 59 39 29 )
  -> 59 (0)
Node 61 ( 60 40 30 )
  -> 60 (0)
Node 62 ( 61 41 31 )
  -> 61 (0)
Node 63 ( 62 42 32 )
  -> 62 (0)
Node 64 ( 63 43 33 )
  -> 63 (0)
Node 65 ( 64 44 34 )
  -> 64 (0)
Node 66 ( 65 45 35 )
  -> 65 (0)
Node 67 ( 66 46 36 )
  -> 66 (0)
Node 68 ( 67 47 37 )
  -> 67 (0)
Node 69 ( 68 48 38 )
  -> 68 (0)
Node 70 ( 69 49 39 )
  -> 69 (0)
Node 71 ( 70 50 40 )
  -> 70 (0)
Node 72 ( 71 51 41 )
  -> 71 (0)
Node 73 ( 72 52 42 )
  -> 72 (0)
Node 74 ( 73 53 43 )
  -> 73 (0)
Node 75 ( 73 53 44 )
  -> 74 (1.38338e-05)
Node 76 ( 74 54 44 )
  -> 75 (0)
  -> 74 (0)
Node 77 ( 74 54 45 )
  -> 76 (1.38338e-05)
Node 78 ( 75 54 44 )
  -> 76 (1.38338e-05)
Node 79 ( 75 54 45 )
  -> 76 (1.38338e-05)
Node 80 ( 75 55 44 )
  -> 76 (1.38338e-05)
Node 81 ( 75 55 45 )
  -> 78 (0)
  -> 79 (0)
  -> 77 (0)
  -> 80 (0)
  -> 76 (0)
Node 82 ( 76 56 46 )
  -> 81 (0)
Node 83 ( 77 57 47 )
  -> 82 (0)
Node 84 ( 78 58 48 )
  -> 83 (0)
Node 85 ( 79 59 49 )
  -> 84 (0)
Node 86 ( 80 60 50 )
  -> 85 (0)
Node 87 ( 81 61 51 )
  -> 86 (0)
Node 88 ( 82 62 52 )
  -> 87 (0)
Node 89 ( 83 63 53 )
  -> 88 (0)
Node 90 ( 84 64 54 )
  -> 89 (0)
Node 91 ( 85 65 55 )
  -> 90 (0)
Node 92 ( 86 66 56 )
  -> 91 (0)
Node 93 ( 87 67 57 )
  -> 92 (0)
Node 94 ( 88 68 58 )
  -> 93 (0)
Node 95 ( 89 69 59 )
  -> 94 (0)
Node 96 ( 90 70 60 )
  -> 95 (0)
Node 97 ( 91 71 61 )
  -> 96 (0)
Node 98 ( 92 72 62 )
  -> 97 (0)
Node 99 ( 93 73 63 )
  -> 98 (0)
Node 100 ( 93 74 64 )
  -> 99 (0.001424)
Node 101 ( 93 75 65 )
  -> 100 (0.00482424)
Node 102 ( 93 76 66 )
  -> 101 (0.00896103)
Node 103 ( 93 77 67 )
  -> 102 (0.0127584)
Node 104 ( 93 78 68 )
  -> 103 (0.0153873)
Node 105 ( 93 79 69 )
  -> 104 (0.0163238)
Node 106 ( 93 80 70 )
  -> 105 (0.0153873)
Node 107 ( 93 81 71 )
  -> 106 (0.0127584)
Node 108 ( 93 82 72 )
  -> 107 (0.00896103)
Node 109 ( 93 83 73 )
  -> 108 (0.00482424)
Node 110 ( 93 84 74 )
  -> 109 (0.001424)
Node 111 ( 93 85 75 )
  -> 110 (0)
Node 112 ( 93 85 76 )
  -> 111 (0.00186253)
Node 113 ( 93 86 76 )
  -> 111 (0.00186253)
Node 114 ( 93 86 77 )
  -> 113 (0.00622278)
  -> 112 (0.00622278)
Node 115 ( 93 87 78 )
  -> 114 (0.0157042)
Node 116 ( 93 87 79 )
  -> 115 (0.029456)
Node 117 ( 93 88 80 )
  -> 116 (0.0491198)
Node 118 ( 93 88 81 )
  -> 117 (0.0741646)
Node 119 ( 93 89 82 )
  -> 118 (0.104609)
Node 120 ( 93 89 83 )
  -> 119 (0.140274)
Node 121 ( 93 90 84 )
  -> 120 (0.179684)
Node 122 ( 93 90 85 )
  -> 121 (0.222526)
Node 123 ( 93 91 86 )
  -> 122 (0.266873)
Node 124 ( 93 91 87 )
  -> 123 (0.311235)
Node 125 ( 93 91 88 )
  -> 124 (0.355141)
Node 126 ( 93 92 88 )
  -> 124 (0.355141)
Node 127 ( 93 92 89 )
  -> 125 (0.394351)
  -> 126 (0.394351)
Node 128 ( 93 92 90 )
  -> 127 (0.429514)
Node 129 ( 93 92 91 )
  -> 128 (0.45889)
Node 130 ( 93 92 92 )
  -> 129 (0.481002)
Node 131 ( 93 93 93 )
  -> 130 (0.494378)
Node 132 ( 94 94 94 )
  -> 131 (0.555558)
Node 133 ( 95 95 95 )
  -> 132 (0.611907)
Node 134 ( 96 96 96 )
  -> 133 (0.659895)
Node 135 ( 97 97 97 )
  -> 134 (0.696498)
Node 136 ( 98 98 98 )
  -> 135 (0.719424)
Node 137 ( 99 99 99 )
  -> 136 (0.727234)
