Well_04  3846.99000 3862.29000 25.000000
DISTAL 1 3821.99000 3837.29000
FACIES_1 6 3821.99000 3823.32000
FACIES_1 7 3823.32000 3824.53000
FACIES_1 6 3824.53000 3825.35000
FACIES_1 8 3825.35000 3826.16000
FACIES_1 6 3826.16000 3828.34000
FACIES_1 5 3828.34000 3828.82000
FACIES_1 4 3828.82000 3830.06000
FACIES_1 3 3830.06000 3830.18000
FACIES_1 1 3830.18000 3830.49000
FACIES_1 3 3830.49000 3832.00000
FACIES_1 2 3832.00000 3832.22000
FACIES_1 1 3832.22000 3832.36000
FACIES_1 6 3832.36000 3832.90000
FACIES_1 2 3832.90000 3833.02000
FACIES_1 1 3833.02000 3834.20000
FACIES_1 3 3834.20000 3834.64000
FACIES_1 2 3834.64000 3835.13000
FACIES_1 5 3835.13000 3835.81000
FACIES_1 4 3835.81000 3836.73000
FACIES_1 1 3836.73000 3837.29000
FACIES_2 2 3821.99000 3823.32000
FACIES_2 3 3823.32000 3824.53000
FACIES_2 2 3824.53000 3825.35000
FACIES_2 3 3825.35000 3826.16000
FACIES_2 2 3826.16000 3828.34000
FACIES_2 2 3828.34000 3828.82000
FACIES_2 2 3828.82000 3830.06000
FACIES_2 1 3830.06000 3830.18000
FACIES_2 1 3830.18000 3830.49000
FACIES_2 1 3830.49000 3832.00000
FACIES_2 1 3832.00000 3832.22000
FACIES_2 1 3832.22000 3832.36000
FACIES_2 2 3832.36000 3832.90000
FACIES_2 1 3832.90000 3833.02000
FACIES_2 1 3833.02000 3834.20000
FACIES_2 1 3834.20000 3834.64000
FACIES_2 1 3834.64000 3835.13000
FACIES_2 2 3835.13000 3835.81000
FACIES_2 2 3835.81000 3836.73000
FACIES_2 1 3836.73000 3837.29000
FACIES_3 3 3821.99000 3823.32000
FACIES_3 3 3823.32000 3824.53000
FACIES_3 3 3824.53000 3825.35000
FACIES_3 3 3825.35000 3826.16000
FACIES_3 3 3826.16000 3828.34000
FACIES_3 3 3828.34000 3828.82000
FACIES_3 2 3828.82000 3830.06000
FACIES_3 1 3830.06000 3830.18000
FACIES_3 1 3830.18000 3830.49000
FACIES_3 1 3830.49000 3832.00000
FACIES_3 1 3832.00000 3832.22000
FACIES_3 1 3832.22000 3832.36000
FACIES_3 3 3832.36000 3832.90000
FACIES_3 1 3832.90000 3833.02000
FACIES_3 1 3833.02000 3834.20000
FACIES_3 1 3834.20000 3834.64000
FACIES_3 1 3834.64000 3835.13000
FACIES_3 3 3835.13000 3835.81000
FACIES_3 2 3835.81000 3836.73000
FACIES_3 1 3836.73000 3837.29000
FACIES_4 2 3821.99000 3823.32000
FACIES_4 2 3823.32000 3824.53000
FACIES_4 2 3824.53000 3825.35000
FACIES_4 2 3825.35000 3826.16000
FACIES_4 2 3826.16000 3828.34000
FACIES_4 2 3828.34000 3828.82000
FACIES_4 1 3828.82000 3830.06000
FACIES_4 1 3830.06000 3830.18000
FACIES_4 1 3830.18000 3830.49000
FACIES_4 1 3830.49000 3832.00000
FACIES_4 1 3832.00000 3832.22000
FACIES_4 1 3832.22000 3832.36000
FACIES_4 1 3832.36000 3832.90000
FACIES_4 2 3832.90000 3833.02000
FACIES_4 1 3833.02000 3834.20000
FACIES_4 1 3834.20000 3834.64000
FACIES_4 1 3834.64000 3835.13000
FACIES_4 1 3835.13000 3835.81000
FACIES_4 2 3835.81000 3836.73000
FACIES_4 1 3836.73000 3837.29000
BIOZONES 1 3821.99000 3837.29000
SEQUENCE 6 3821.99000 3832.36000
SEQUENCE 5 3832.36000 3835.13000
SEQUENCE 4 3835.13000 3837.29000
