WeCo WellList 2
6
15_3-4
46
435502.737 6520489.030 3760.457 68.632
7
GR 46
61.2770
60.8438
18.4844
20.0625
71.9375
23.3750
45.5625
34.2812
22.8906
43.3750
20.3906
16.9531
22.8906
44.2500
41.4795
38.0938
18.7344
26.7500
23.3594
18.6719
45.4375
77.0625
27.0156
21.6875
18.0938
31.7500
48.5625
65.9375
53.7500
66.9375
33.9062
40.3438
59.4062
21.9844
67.3750
62.7500
53.2188
51.2500
41.6562
62.6250
23.0000
56.8125
19.0781
18.6094
31.5625
23.7969
NPHI 46
0.0291
0.0100
0.0653
0.1751
0.0185
0.0723
0.0981
0.1236
0.1504
0.1553
0.1719
0.1713
0.1711
0.1440
0.1278
0.0489
0.0100
0.0100
0.0349
0.1522
0.1214
0.0326
0.0244
0.0384
0.1210
0.0933
0.0945
0.0150
0.0100
0.0501
0.0138
0.0396
0.0337
0.0100
0.0688
0.0314
0.0100
0.0100
0.0100
0.0100
0.0100
0.0100
0.2931
0.1326
0.1390
0.0805
BIOZONE 46
4.0
4.0
4.0
4.0
4.0
4.0
4.0
4.0
4.0
4.0
4.0
4.0
4.0
4.0
4.0
4.0
4.0
4.0
4.0
4.0
4.0
4.0
4.0
4.0
4.0
4.0
4.0
4.0
4.0
4.0
4.0
4.0
4.0
4.0
4.0
4.0
5.0
5.0
5.0
5.0
5.0
5.0
5.0
5.0
5.0
5.0
SEQUENCE 46
1.0
1.0
1.0
1.0
1.0
1.0
1.0
1.0
1.0
1.0
1.0
1.0
1.0
1.0
1.0
1.0
2.0
2.0
2.0
2.0
2.0
2.0
3.0
3.0
3.0
3.0
3.0
3.0
3.0
3.0
3.0
3.0
4.0
4.0
4.0
4.0
4.0
4.0
4.0
4.0
4.0
4.0
4.0
4.0
4.0
4.0
FACIES 46
4.0
4.0
1.0
1.0
4.0
1.0
2.0
2.0
2.0
2.0
1.0
2.0
2.0
2.0
3.0
3.0
2.0
2.0
1.0
2.0
2.0
3.0
1.0
1.0
1.0
1.0
2.0
2.0
4.0
3.0
1.0
3.0
2.0
4.0
3.0
3.0
3.0
2.0
2.0
3.0
2.0
4.0
1.0
1.0
1.0
4.0
FACIES3 46
3.0
3.0
1.0
1.0
3.0
1.0
2.0
2.0
2.0
2.0
1.0
2.0
2.0
2.0
2.0
2.0
2.0
2.0
1.0
2.0
2.0
2.0
1.0
1.0
1.0
1.0
2.0
2.0
3.0
2.0
1.0
2.0
2.0
3.0
2.0
2.0
2.0
2.0
2.0
2.0
2.0
3.0
1.0
1.0
1.0
3.0
ZONELOG_REF 46
1.0
1.0
1.0
1.0
1.0
2.0
2.0
2.0
2.0
2.0
2.0
2.0
2.0
2.0
2.0
2.0
3.0
3.0
3.0
3.0
3.0
3.0
4.0
4.0
4.0
4.0
4.0
4.0
4.0
4.0
4.0
4.0
4.0
4.0
4.0
4.0
4.0
4.0
4.0
4.0
4.0
4.0
5.0
5.0
5.0
5.0
5
SEQUENCE 4
1 0 16
2 16 6
3 22 10
4 32 14
BIOZONE 2
4 0 36
5 36 10
FACIES 27
4 0 2
1 2 2
4 4 1
1 5 1
2 6 4
1 10 1
2 11 3
3 14 2
2 16 2
1 18 1
2 19 2
3 21 1
1 22 4
2 26 2
4 28 1
3 29 1
1 30 1
3 31 1
2 32 1
4 33 1
3 34 3
2 37 2
3 39 1
2 40 1
4 41 1
1 42 3
4 45 1
FACIES3 20
3 0 2
1 2 2
3 4 1
1 5 1
2 6 4
1 10 1
2 11 7
1 18 1
2 19 3
1 22 4
2 26 2
3 28 1
2 29 1
1 30 1
2 31 2
3 33 1
2 34 7
3 41 1
1 42 3
3 45 1
DISTALITY 1
1 0 46
15_3-5
60
433105.221 6517057.345 3909.035 89.830
7
GR 60
69.9886
59.1699
62.9687
48.8550
57.1712
45.6975
58.9583
48.8121
41.6596
34.4852
56.0305
67.1749
51.8599
59.0443
39.3858
33.4662
29.2404
57.6028
32.3001
53.6271
39.4782
65.9034
40.8753
22.7989
48.2667
62.6364
67.3501
58.7382
70.1552
57.8323
53.3950
69.9231
20.7359
47.0898
47.2274
63.5960
33.5411
61.2132
69.2093
62.0523
75.3614
44.8189
71.3839
65.8655
69.6475
70.6606
66.0635
69.0386
66.4957
60.4109
34.5907
21.1935
69.6050
72.2736
66.7629
24.5836
52.8596
16.6499
20.2060
60.8376
NPHI 60
0.0100
0.0100
0.0100
0.0100
0.0203
0.0100
0.0991
0.0100
0.0100
0.0100
0.0100
0.0100
0.0888
0.1334
0.0700
0.0976
0.1108
0.0100
0.0100
0.0100
0.0100
0.0100
0.1044
0.1715
0.0567
0.0774
0.0384
0.0621
0.0554
0.0836
0.0396
0.0177
0.1544
0.1044
0.0398
0.0364
0.0100
0.0472
0.0726
0.0123
0.0458
0.0457
0.0100
0.0623
0.0426
0.0639
0.0335
0.0467
0.0867
0.0451
0.0157
0.0100
0.1018
0.0204
0.0100
0.0176
0.0259
0.1237
0.0551
0.0249
BIOZONE 60
4.0
4.0
4.0
4.0
4.0
4.0
4.0
4.0
4.0
4.0
4.0
4.0
4.0
4.0
4.0
4.0
4.0
4.0
4.0
4.0
4.0
4.0
4.0
4.0
4.0
4.0
4.0
4.0
4.0
4.0
4.0
4.0
4.0
4.0
4.0
4.0
4.0
4.0
4.0
4.0
4.0
4.0
4.0
4.0
4.0
4.0
4.0
4.0
4.0
4.0
4.0
4.0
4.0
4.0
4.0
4.0
4.0
4.0
4.0
4.0
SEQUENCE 60
1.0
1.0
1.0
1.0
1.0
1.0
1.0
1.0
1.0
1.0
1.0
1.0
1.0
1.0
1.0
1.0
1.0
1.0
1.0
1.0
1.0
1.0
1.0
1.0
1.0
1.0
1.0
1.0
1.0
1.0
1.0
1.0
2.0
2.0
2.0
2.0
2.0
2.0
2.0
2.0
3.0
3.0
3.0
3.0
3.0
3.0
3.0
3.0
3.0
4.0
4.0
4.0
4.0
4.0
4.0
4.0
4.0
4.0
4.0
4.0
FACIES 60
5.0
2.0
5.0
2.0
2.0
2.0
2.0
2.0
2.0
5.0
2.0
2.0
2.0
2.0
2.0
2.0
2.0
2.0
5.0
2.0
2.0
2.0
2.0
2.0
2.0
2.0
4.0
2.0
4.0
2.0
2.0
4.0
2.0
2.0
2.0
4.0
2.0
4.0
3.0
3.0
3.0
3.0
3.0
3.0
3.0
3.0
3.0
3.0
3.0
3.0
3.0
3.0
3.0
3.0
3.0
3.0
3.0
3.0
3.0
2.0
FACIES3 60
3.0
2.0
3.0
2.0
2.0
2.0
2.0
2.0
2.0
3.0
2.0
2.0
2.0
2.0
2.0
2.0
2.0
2.0
3.0
2.0
2.0
2.0
2.0
2.0
2.0
2.0
3.0
2.0
3.0
2.0
2.0
3.0
1.0
2.0
2.0
3.0
2.0
3.0
2.0
2.0
2.0
2.0
2.0
2.0
2.0
2.0
2.0
2.0
2.0
2.0
2.0
2.0
2.0
2.0
2.0
2.0
2.0
2.0
2.0
2.0
ZONELOG_REF 60
1.0
1.0
1.0
1.0
1.0
1.0
1.0
1.0
1.0
1.0
1.0
1.0
1.0
1.0
1.0
1.0
1.0
1.0
1.0
1.0
1.0
1.0
2.0
2.0
2.0
2.0
2.0
2.0
2.0
2.0
2.0
2.0
3.0
3.0
3.0
3.0
3.0
3.0
3.0
3.0
4.0
4.0
4.0
4.0
4.0
4.0
4.0
4.0
4.0
4.0
4.0
4.0
4.0
4.0
4.0
4.0
4.0
4.0
5.0
5.0
5
SEQUENCE 4
1 0 32
2 32 8
3 40 9
4 49 11
BIOZONE 1
4 0 60
FACIES 19
5 0 1
2 1 1
5 2 1
2 3 6
5 9 1
2 10 8
5 18 1
2 19 7
4 26 1
2 27 1
4 28 1
2 29 2
4 31 1
2 32 3
4 35 1
2 36 1
4 37 1
3 38 21
2 59 1
FACIES3 19
3 0 1
2 1 1
3 2 1
2 3 6
3 9 1
2 10 8
3 18 1
2 19 7
3 26 1
2 27 1
3 28 1
2 29 2
3 31 1
1 32 1
2 33 2
3 35 1
2 36 1
3 37 1
2 38 22
DISTALITY 1
2 0 60
15_3-9_T2
92
429105.000 6520872.000 4448.670 137.812
7
GR 92
79.5874
82.5230
70.3739
87.0525
85.3784
37.5908
10.6970
11.1104
16.4248
38.4112
42.2133
25.3914
43.1057
36.4011
31.5944
37.7547
54.4398
68.7633
68.8163
61.8542
27.5096
39.0966
69.5055
28.2259
31.6057
58.7409
63.4983
22.7290
25.1725
51.4909
65.8915
55.4759
73.6213
30.1148
21.1710
13.7315
11.9240
12.4315
15.5373
26.0351
36.7588
65.6791
67.7039
79.7106
61.3819
81.5328
53.0204
80.7519
80.6341
53.6631
61.0771
51.9013
63.6992
80.0698
73.9922
80.8463
70.9378
74.3842
77.7114
47.5169
69.8971
76.9960
85.9580
68.5951
78.7387
15.1596
11.1777
13.6016
12.3283
38.8559
13.6096
10.4081
10.5911
9.4405
16.6187
86.2987
82.9842
84.3987
82.6794
84.6088
81.6445
82.1350
62.8825
83.8689
62.6177
69.4867
63.7643
77.0508
63.6563
71.3238
46.0841
64.8399
NPHI 92
0.0317
0.1858
0.1613
0.1093
0.1026
0.0100
0.0100
0.0100
0.0100
0.1513
0.1151
0.1450
0.0980
0.0100
0.0100
0.0100
0.0372
0.0270
0.1213
0.0100
0.0100
0.0489
0.0100
0.1388
0.0100
0.0505
0.0860
0.1249
0.0100
0.0244
0.0168
0.0299
0.0100
0.0357
0.1617
0.1726
0.1937
0.1644
0.1442
0.1764
0.1191
0.0100
0.0205
0.0250
0.0100
0.0100
0.0100
0.0591
0.0514
0.0152
0.0155
0.0100
0.0100
0.0100
0.0592
0.0187
0.0100
0.0384
0.0308
0.0100
0.0100
0.0622
0.0100
0.0100
0.0325
0.0100
0.0100
0.0404
0.0100
0.0100
0.1712
0.1586
0.1609
0.1281
0.1076
0.0100
0.0100
0.0100
0.0100
0.0100
0.0193
0.0100
0.0100
0.0100
0.0100
0.0100
0.0102
0.0196
0.0100
0.0161
0.0100
0.0100
BIOZONE 92
4.0
4.0
4.0
5.0
5.0
5.0
5.0
5.0
5.0
5.0
5.0
5.0
5.0
5.0
5.0
5.0
5.0
5.0
5.0
5.0
5.0
5.0
5.0
5.0
5.0
5.0
5.0
5.0
5.0
5.0
5.0
5.0
5.0
5.0
5.0
5.0
5.0
5.0
5.0
5.0
5.0
5.0
5.0
5.0
5.0
5.0
5.0
5.0
5.0
5.0
5.0
5.0
5.0
5.0
5.0
5.0
5.0
5.0
5.0
5.0
5.0
5.0
5.0
5.0
5.0
5.0
5.0
5.0
5.0
5.0
5.0
5.0
5.0
5.0
5.0
5.0
5.0
5.0
5.0
5.0
5.0
5.0
5.0
5.0
5.0
5.0
5.0
5.0
5.0
5.0
5.0
5.0
SEQUENCE 92
1.0
1.0
1.0
1.0
1.0
2.0
2.0
2.0
2.0
2.0
2.0
2.0
2.0
2.0
2.0
2.0
2.0
2.0
2.0
2.0
3.0
3.0
3.0
3.0
3.0
3.0
3.0
3.0
3.0
3.0
3.0
3.0
3.0
4.0
4.0
4.0
4.0
4.0
4.0
4.0
4.0
4.0
4.0
4.0
4.0
4.0
4.0
4.0
4.0
4.0
4.0
4.0
4.0
4.0
4.0
4.0
4.0
4.0
4.0
4.0
4.0
4.0
4.0
4.0
4.0
4.0
4.0
4.0
4.0
4.0
4.0
4.0
4.0
4.0
4.0
4.0
4.0
4.0
4.0
4.0
4.0
4.0
4.0
4.0
4.0
4.0
4.0
4.0
4.0
4.0
4.0
4.0
FACIES 92
3.0
3.0
1.0
3.0
3.0
2.0
2.0
2.0
2.0
2.0
2.0
2.0
2.0
2.0
2.0
2.0
1.0
1.0
1.0
1.0
2.0
2.0
1.0
2.0
2.0
1.0
1.0
2.0
2.0
1.0
1.0
1.0
1.0
2.0
2.0
2.0
2.0
2.0
2.0
2.0
2.0
1.0
1.0
3.0
1.0
3.0
1.0
3.0
3.0
1.0
1.0
1.0
1.0
3.0
1.0
3.0
1.0
1.0
3.0
1.0
1.0
3.0
3.0
1.0
3.0
2.0
2.0
2.0
2.0
2.0
2.0
2.0
2.0
2.0
2.0
3.0
3.0
3.0
3.0
3.0
3.0
3.0
1.0
3.0
1.0
1.0
1.0
3.0
1.0
1.0
1.0
1.0
FACIES3 92
2.0
2.0
2.0
2.0
2.0
1.0
1.0
1.0
1.0
1.0
1.0
1.0
1.0
1.0
1.0
1.0
1.0
2.0
2.0
2.0
1.0
1.0
2.0
1.0
1.0
1.0
2.0
1.0
1.0
1.0
2.0
1.0
2.0
1.0
1.0
1.0
1.0
1.0
1.0
1.0
1.0
2.0
2.0
2.0
2.0
2.0
1.0
2.0
2.0
1.0
2.0
1.0
2.0
2.0
2.0
2.0
2.0
2.0
2.0
1.0
2.0
2.0
2.0
2.0
2.0
1.0
1.0
1.0
1.0
1.0
1.0
1.0
1.0
1.0
1.0
2.0
2.0
2.0
2.0
2.0
2.0
2.0
2.0
2.0
2.0
2.0
2.0
2.0
2.0
2.0
1.0
2.0
ZONELOG_REF 92
2.0
2.0
2.0
2.0
2.0
3.0
3.0
3.0
3.0
3.0
3.0
3.0
3.0
3.0
3.0
3.0
3.0
3.0
3.0
3.0
4.0
4.0
4.0
4.0
4.0
4.0
4.0
4.0
4.0
4.0
4.0
4.0
4.0
4.0
4.0
4.0
4.0
4.0
4.0
4.0
4.0
4.0
4.0
4.0
4.0
4.0
4.0
4.0
4.0
4.0
4.0
4.0
4.0
4.0
4.0
4.0
4.0
4.0
4.0
4.0
4.0
4.0
4.0
4.0
4.0
5.0
5.0
5.0
5.0
5.0
5.0
5.0
5.0
5.0
5.0
5.0
5.0
5.0
5.0
5.0
5.0
5.0
5.0
5.0
5.0
5.0
5.0
5.0
5.0
5.0
5.0
5.0
5
SEQUENCE 4
1 0 5
2 5 15
3 20 13
4 33 59
BIOZONE 2
4 0 3
5 3 89
FACIES 35
3 0 2
1 2 1
3 3 2
2 5 11
1 16 4
2 20 2
1 22 1
2 23 2
1 25 2
2 27 2
1 29 4
2 33 8
1 41 2
3 43 1
1 44 1
3 45 1
1 46 1
3 47 2
1 49 4
3 53 1
1 54 1
3 55 1
1 56 2
3 58 1
1 59 2
3 61 2
1 63 1
3 64 1
2 65 10
3 75 7
1 82 1
3 83 1
1 84 3
3 87 1
1 88 4
FACIES3 25
2 0 5
1 5 12
2 17 3
1 20 2
2 22 1
1 23 3
2 26 1
1 27 3
2 30 1
1 31 1
2 32 1
1 33 8
2 41 5
1 46 1
2 47 2
1 49 1
2 50 1
1 51 1
2 52 7
1 59 1
2 60 5
1 65 10
2 75 15
1 90 1
2 91 1
DISTALITY 1
3 0 92
15_3-7
91
428005.794 6524003.525 4585.557 137.190
7
GR 91
109.1489
82.2583
42.0847
15.1547
12.8778
10.2716
12.8445
15.0717
13.0892
11.4836
15.0313
32.2366
85.7851
101.8840
99.2908
102.2670
98.3068
98.9657
97.1338
90.0530
102.5092
46.0790
43.7322
43.0213
27.0895
24.9940
47.4110
41.3668
33.6498
29.6808
34.1483
95.5938
96.0201
106.4921
85.2910
50.6833
52.3789
56.0614
70.8680
67.7699
83.3636
71.5231
85.4724
92.6365
89.5841
84.8565
76.7791
74.4975
21.9402
76.7518
87.4429
79.5148
36.2342
97.5074
75.9528
93.9566
81.6402
108.3598
83.7223
69.5081
80.6502
60.8219
110.2863
83.7276
109.6027
73.6698
29.3698
97.2326
104.4565
105.9538
105.3495
79.1698
100.9788
110.2122
106.4812
113.4631
110.5326
100.7032
89.3459
116.2397
113.1967
112.1363
106.5552
104.2905
111.7597
111.0807
110.7484
114.1405
108.8311
9.4575
44.9572
NPHI 91
-999.25
-999.25
-999.25
-999.25
-999.25
-999.25
-999.25
-999.25
-999.25
-999.25
-999.25
-999.25
-999.25
-999.25
-999.25
-999.25
-999.25
-999.25
-999.25
-999.25
-999.25
-999.25
-999.25
-999.25
-999.25
-999.25
-999.25
-999.25
-999.25
-999.25
-999.25
-999.25
-999.25
-999.25
-999.25
-999.25
-999.25
-999.25
-999.25
-999.25
-999.25
-999.25
-999.25
-999.25
-999.25
-999.25
-999.25
-999.25
-999.25
-999.25
-999.25
-999.25
-999.25
-999.25
-999.25
-999.25
-999.25
-999.25
-999.25
-999.25
-999.25
-999.25
-999.25
-999.25
-999.25
-999.25
-999.25
-999.25
-999.25
-999.25
-999.25
-999.25
-999.25
-999.25
-999.25
-999.25
-999.25
-999.25
-999.25
-999.25
-999.25
-999.25
-999.25
-999.25
-999.25
-999.25
-999.25
-999.25
-999.25
-999.25
-999.25
BIOZONE 91
4.0
4.0
4.0
4.0
4.0
4.0
4.0
4.0
4.0
4.0
4.0
4.0
4.0
4.0
4.0
4.0
4.0
4.0
4.0
4.0
4.0
4.0
4.0
4.0
4.0
4.0
4.0
4.0
4.0
4.0
4.0
4.0
4.0
4.0
4.0
4.0
4.0
4.0
4.0
4.0
4.0
4.0
4.0
4.0
4.0
4.0
4.0
4.0
4.0
4.0
4.0
4.0
4.0
4.0
4.0
4.0
4.0
4.0
4.0
4.0
4.0
4.0
4.0
4.0
4.0
4.0
4.0
4.0
4.0
4.0
4.0
4.0
4.0
4.0
4.0
4.0
4.0
4.0
4.0
4.0
4.0
4.0
4.0
4.0
4.0
4.0
4.0
4.0
4.0
4.0
4.0
SEQUENCE 91
1.0
1.0
1.0
1.0
1.0
1.0
1.0
1.0
1.0
1.0
1.0
1.0
1.0
1.0
1.0
1.0
1.0
1.0
1.0
1.0
1.0
2.0
2.0
2.0
2.0
2.0
2.0
2.0
2.0
2.0
2.0
2.0
2.0
2.0
2.0
2.0
3.0
3.0
3.0
3.0
3.0
3.0
3.0
3.0
3.0
3.0
3.0
3.0
4.0
4.0
4.0
4.0
4.0
4.0
4.0
4.0
4.0
4.0
4.0
4.0
4.0
4.0
4.0
4.0
4.0
4.0
4.0
4.0
4.0
4.0
4.0
4.0
4.0
4.0
4.0
4.0
4.0
4.0
4.0
4.0
4.0
4.0
4.0
4.0
4.0
4.0
4.0
4.0
4.0
4.0
4.0
FACIES 91
4.0
3.0
2.0
2.0
2.0
2.0
2.0
2.0
2.0
2.0
2.0
2.0
3.0
3.0
3.0
3.0
3.0
3.0
3.0
3.0
3.0
1.0
2.0
2.0
2.0
2.0
1.0
2.0
2.0
2.0
2.0
3.0
3.0
4.0
3.0
1.0
1.0
1.0
1.0
1.0
3.0
1.0
3.0
3.0
3.0
3.0
3.0
1.0
2.0
3.0
3.0
3.0
2.0
3.0
3.0
3.0
3.0
4.0
3.0
1.0
3.0
1.0
4.0
3.0
4.0
1.0
2.0
3.0
3.0
4.0
4.0
3.0
3.0
4.0
4.0
4.0
4.0
3.0
3.0
4.0
4.0
4.0
4.0
3.0
4.0
4.0
4.0
4.0
4.0
2.0
2.0
FACIES3 91
3.0
2.0
1.0
1.0
1.0
1.0
1.0
1.0
1.0
1.0
1.0
1.0
2.0
3.0
3.0
3.0
3.0
3.0
3.0
3.0
3.0
1.0
1.0
1.0
1.0
1.0
1.0
1.0
1.0
1.0
1.0
3.0
3.0
3.0
2.0
1.0
1.0
1.0
2.0
2.0
2.0
2.0
2.0
3.0
2.0
2.0
2.0
2.0
1.0
2.0
2.0
2.0
1.0
3.0
2.0
3.0
2.0
3.0
2.0
2.0
2.0
2.0
3.0
2.0
3.0
2.0
1.0
3.0
3.0
3.0
3.0
2.0
3.0
3.0
3.0
3.0
3.0
3.0
2.0
3.0
3.0
3.0
3.0
3.0
3.0
3.0
3.0
3.0
3.0
1.0
1.0
ZONELOG_REF 91
0.0
0.0
0.0
0.0
0.0
0.0
0.0
0.0
0.0
0.0
0.0
0.0
0.0
0.0
0.0
0.0
0.0
0.0
0.0
0.0
0.0
0.0
0.0
0.0
0.0
0.0
0.0
0.0
0.0
0.0
0.0
0.0
0.0
0.0
0.0
0.0
0.0
0.0
0.0
0.0
0.0
0.0
0.0
0.0
0.0
0.0
0.0
0.0
0.0
0.0
0.0
0.0
0.0
0.0
0.0
0.0
0.0
0.0
0.0
0.0
0.0
0.0
0.0
0.0
0.0
0.0
0.0
0.0
0.0
0.0
0.0
0.0
0.0
0.0
0.0
0.0
0.0
0.0
0.0
0.0
0.0
0.0
0.0
0.0
0.0
0.0
0.0
0.0
0.0
0.0
0.0
5
SEQUENCE 4
1 0 21
2 21 15
3 36 12
4 48 43
BIOZONE 1
4 0 91
FACIES 39
4 0 1
3 1 1
2 2 10
3 12 9
1 21 1
2 22 4
1 26 1
2 27 4
3 31 2
4 33 1
3 34 1
1 35 5
3 40 1
1 41 1
3 42 5
1 47 1
2 48 1
3 49 3
2 52 1
3 53 4
4 57 1
3 58 1
1 59 1
3 60 1
1 61 1
4 62 1
3 63 1
4 64 1
1 65 1
2 66 1
3 67 2
4 69 2
3 71 2
4 73 4
3 77 2
4 79 4
3 83 1
4 84 5
2 89 2
FACIES3 32
3 0 1
2 1 1
1 2 10
2 12 1
3 13 8
1 21 10
3 31 3
2 34 1
1 35 3
2 38 5
3 43 1
2 44 4
1 48 1
2 49 3
1 52 1
3 53 1
2 54 1
3 55 1
2 56 1
3 57 1
2 58 4
3 62 1
2 63 1
3 64 1
2 65 1
1 66 1
3 67 4
2 71 1
3 72 6
2 78 1
3 79 10
1 89 2
DISTALITY 1
3 0 91
15_3-3
165
429626.276 6526963.831 4493.808 249.664
7
GR 165
78.1172
80.8897
31.3407
13.2770
14.2959
43.8891
34.0803
35.0038
81.2844
77.0847
82.3415
71.6988
72.1244
77.1097
52.7331
30.2466
27.0881
41.2826
15.6662
62.0207
38.7682
33.5622
63.9393
28.3090
33.8422
60.6868
65.2269
76.9188
53.3088
63.0734
74.0755
73.2980
71.1976
79.2239
70.9453
60.8729
30.6725
67.4476
68.7672
66.9568
66.9336
66.9058
71.8029
73.1754
76.5953
14.9284
15.9961
56.2283
76.8670
15.0680
17.3688
15.1896
16.5994
18.1028
19.8463
16.9501
23.8929
19.3888
19.7030
19.0930
17.2677
18.0491
14.4797
15.2249
13.4182
11.5974
12.8374
11.9893
12.4012
11.9492
12.8975
13.1349
11.4306
12.4206
75.5457
77.1898
74.9655
82.6032
72.0396
76.2457
83.6064
80.5701
82.2401
79.3907
89.0206
83.9010
85.0962
83.0383
75.2515
72.6197
79.8011
87.6739
67.0523
77.6197
78.9108
83.8070
79.5083
78.3582
77.9322
54.2576
52.5612
62.1909
81.0488
67.2164
62.3582
14.7005
11.1990
14.4402
17.2469
23.8784
19.2368
16.6815
28.0309
34.0480
41.9993
57.4799
48.8586
65.1660
58.4016
63.7873
95.7098
87.3063
81.1263
86.9331
87.0359
58.1467
74.6457
87.1284
87.2239
89.6276
85.4280
86.0202
81.0220
84.1339
83.4362
85.8819
80.8092
86.8726
88.4102
88.6629
89.0584
82.8006
77.1047
88.1019
87.1993
83.9577
80.9561
87.3430
70.6773
89.7362
80.7369
79.8457
84.9635
82.1111
78.3833
50.4583
52.6960
60.5169
65.9286
54.9080
61.0356
62.6852
52.0443
17.6003
26.1017
NPHI 165
-999.25
-999.25
-999.25
-999.25
-999.25
-999.25
-999.25
-999.25
-999.25
-999.25
-999.25
-999.25
-999.25
-999.25
-999.25
-999.25
-999.25
-999.25
-999.25
-999.25
-999.25
-999.25
-999.25
-999.25
-999.25
-999.25
-999.25
-999.25
-999.25
-999.25
-999.25
-999.25
-999.25
-999.25
-999.25
-999.25
-999.25
-999.25
-999.25
-999.25
-999.25
-999.25
-999.25
-999.25
-999.25
-999.25
-999.25
-999.25
-999.25
-999.25
-999.25
-999.25
-999.25
-999.25
-999.25
-999.25
-999.25
-999.25
-999.25
-999.25
-999.25
-999.25
-999.25
-999.25
-999.25
-999.25
-999.25
-999.25
-999.25
-999.25
-999.25
-999.25
-999.25
-999.25
-999.25
-999.25
-999.25
-999.25
-999.25
-999.25
-999.25
-999.25
-999.25
-999.25
-999.25
-999.25
-999.25
-999.25
-999.25
-999.25
-999.25
-999.25
-999.25
-999.25
-999.25
-999.25
-999.25
-999.25
-999.25
-999.25
-999.25
-999.25
-999.25
-999.25
-999.25
-999.25
-999.25
-999.25
-999.25
-999.25
-999.25
-999.25
-999.25
-999.25
-999.25
-999.25
-999.25
-999.25
-999.25
-999.25
-999.25
-999.25
-999.25
-999.25
-999.25
-999.25
-999.25
-999.25
-999.25
-999.25
-999.25
-999.25
-999.25
-999.25
-999.25
-999.25
-999.25
-999.25
-999.25
-999.25
-999.25
-999.25
-999.25
-999.25
-999.25
-999.25
-999.25
-999.25
-999.25
-999.25
-999.25
-999.25
-999.25
-999.25
-999.25
-999.25
-999.25
-999.25
-999.25
-999.25
-999.25
-999.25
-999.25
-999.25
-999.25
BIOZONE 165
4.0
4.0
4.0
4.0
4.0
4.0
4.0
4.0
4.0
4.0
4.0
4.0
4.0
4.0
4.0
4.0
4.0
5.0
5.0
5.0
5.0
5.0
5.0
5.0
5.0
5.0
5.0
5.0
5.0
5.0
5.0
5.0
5.0
5.0
5.0
5.0
5.0
5.0
5.0
5.0
5.0
5.0
5.0
5.0
5.0
5.0
5.0
5.0
5.0
5.0
5.0
5.0
5.0
5.0
5.0
5.0
5.0
5.0
5.0
5.0
5.0
5.0
5.0
5.0
5.0
5.0
5.0
5.0
5.0
5.0
5.0
5.0
5.0
5.0
5.0
5.0
5.0
5.0
5.0
5.0
5.0
5.0
5.0
5.0
5.0
5.0
5.0
5.0
5.0
5.0
5.0
5.0
5.0
5.0
5.0
5.0
5.0
5.0
5.0
5.0
5.0
5.0
5.0
5.0
5.0
5.0
5.0
5.0
5.0
5.0
5.0
5.0
5.0
5.0
5.0
5.0
5.0
5.0
5.0
5.0
5.0
5.0
5.0
5.0
5.0
5.0
5.0
5.0
5.0
5.0
5.0
5.0
5.0
5.0
5.0
5.0
5.0
5.0
5.0
5.0
5.0
5.0
5.0
5.0
5.0
5.0
5.0
5.0
5.0
5.0
5.0
5.0
5.0
5.0
5.0
5.0
5.0
5.0
5.0
5.0
5.0
5.0
5.0
5.0
5.0
SEQUENCE 165
1.0
1.0
1.0
1.0
1.0
1.0
1.0
1.0
1.0
1.0
1.0
1.0
1.0
1.0
2.0
2.0
2.0
2.0
2.0
2.0
2.0
2.0
2.0
2.0
2.0
2.0
2.0
2.0
2.0
2.0
2.0
2.0
2.0
2.0
2.0
2.0
3.0
3.0
3.0
3.0
3.0
3.0
3.0
3.0
3.0
4.0
4.0
4.0
4.0
4.0
4.0
4.0
4.0
4.0
4.0
4.0
4.0
4.0
4.0
4.0
4.0
4.0
4.0
4.0
4.0
4.0
4.0
4.0
4.0
4.0
4.0
4.0
4.0
4.0
4.0
4.0
4.0
4.0
4.0
4.0
4.0
4.0
4.0
4.0
4.0
4.0
4.0
4.0
4.0
4.0
4.0
4.0
4.0
4.0
4.0
4.0
4.0
4.0
4.0
4.0
4.0
4.0
4.0
4.0
4.0
4.0
4.0
4.0
4.0
4.0
4.0
4.0
4.0
4.0
4.0
4.0
4.0
4.0
4.0
4.0
4.0
4.0
4.0
4.0
4.0
4.0
4.0
4.0
4.0
4.0
4.0
4.0
4.0
4.0
4.0
4.0
4.0
4.0
4.0
4.0
4.0
4.0
4.0
4.0
4.0
4.0
4.0
4.0
4.0
4.0
4.0
4.0
4.0
4.0
4.0
4.0
4.0
4.0
4.0
4.0
4.0
4.0
4.0
4.0
4.0
FACIES 165
3.0
3.0
2.0
2.0
2.0
2.0
2.0
2.0
3.0
3.0
3.0
1.0
1.0
3.0
1.0
2.0
2.0
2.0
2.0
1.0
2.0
2.0
1.0
2.0
2.0
1.0
1.0
3.0
1.0
1.0
1.0
1.0
1.0
3.0
1.0
1.0
2.0
1.0
1.0
1.0
1.0
1.0
1.0
1.0
3.0
2.0
2.0
1.0
3.0
2.0
2.0
2.0
2.0
2.0
2.0
2.0
2.0
2.0
2.0
2.0
2.0
2.0
2.0
2.0
2.0
2.0
2.0
2.0
2.0
2.0
2.0
2.0
2.0
2.0
3.0
3.0
1.0
3.0
1.0
3.0
3.0
3.0
3.0
3.0
3.0
3.0
3.0
3.0
3.0
1.0
3.0
3.0
1.0
3.0
3.0
3.0
3.0
3.0
3.0
1.0
1.0
1.0
3.0
1.0
1.0
2.0
2.0
2.0
2.0
2.0
2.0
2.0
2.0
2.0
2.0
1.0
1.0
1.0
1.0
1.0
3.0
3.0
3.0
3.0
3.0
1.0
1.0
3.0
3.0
3.0
3.0
3.0
3.0
3.0
3.0
3.0
3.0
3.0
3.0
3.0
3.0
3.0
3.0
3.0
3.0
3.0
3.0
3.0
1.0
3.0
3.0
3.0
3.0
3.0
3.0
1.0
1.0
1.0
1.0
1.0
1.0
1.0
1.0
2.0
2.0
FACIES3 165
2.0
2.0
1.0
1.0
1.0
1.0
1.0
1.0
2.0
2.0
2.0
2.0
2.0
2.0
1.0
1.0
1.0
1.0
1.0
2.0
1.0
1.0
2.0
1.0
1.0
2.0
2.0
2.0
1.0
2.0
2.0
2.0
2.0
2.0
2.0
2.0
1.0
2.0
2.0
2.0
2.0
2.0
2.0
2.0
2.0
1.0
1.0
1.0
2.0
1.0
1.0
1.0
1.0
1.0
1.0
1.0
1.0
1.0
1.0
1.0
1.0
1.0
1.0
1.0
1.0
1.0
1.0
1.0
1.0
1.0
1.0
1.0
1.0
1.0
2.0
2.0
2.0
2.0
2.0
2.0
2.0
2.0
2.0
2.0
2.0
2.0
2.0
2.0
2.0
2.0
2.0
2.0
2.0
2.0
2.0
2.0
2.0
2.0
2.0
1.0
1.0
2.0
2.0
2.0
2.0
1.0
1.0
1.0
1.0
1.0
1.0
1.0
1.0
1.0
1.0
1.0
1.0
2.0
1.0
2.0
3.0
2.0
2.0
2.0
2.0
1.0
2.0
2.0
2.0
2.0
2.0
2.0
2.0
2.0
2.0
2.0
2.0
2.0
2.0
2.0
2.0
2.0
2.0
2.0
2.0
2.0
2.0
2.0
2.0
2.0
2.0
2.0
2.0
2.0
2.0
1.0
1.0
2.0
2.0
1.0
2.0
2.0
1.0
1.0
1.0
ZONELOG_REF 165
0.0
0.0
0.0
0.0
0.0
0.0
0.0
0.0
0.0
0.0
0.0
0.0
0.0
0.0
0.0
0.0
0.0
0.0
0.0
0.0
0.0
0.0
0.0
0.0
0.0
0.0
0.0
0.0
0.0
0.0
0.0
0.0
0.0
0.0
0.0
0.0
0.0
0.0
0.0
0.0
0.0
0.0
0.0
0.0
0.0
0.0
0.0
0.0
0.0
0.0
0.0
0.0
0.0
0.0
0.0
0.0
0.0
0.0
0.0
0.0
0.0
0.0
0.0
0.0
0.0
0.0
0.0
0.0
0.0
0.0
0.0
0.0
0.0
0.0
0.0
0.0
0.0
0.0
0.0
0.0
0.0
0.0
0.0
0.0
0.0
0.0
0.0
0.0
0.0
0.0
0.0
0.0
0.0
0.0
0.0
0.0
0.0
0.0
0.0
0.0
0.0
0.0
0.0
0.0
0.0
0.0
0.0
0.0
0.0
0.0
0.0
0.0
0.0
0.0
0.0
0.0
0.0
0.0
0.0
0.0
0.0
0.0
0.0
0.0
0.0
0.0
0.0
0.0
0.0
0.0
0.0
0.0
0.0
0.0
0.0
0.0
0.0
0.0
0.0
0.0
0.0
0.0
0.0
0.0
0.0
0.0
0.0
0.0
0.0
0.0
0.0
0.0
0.0
0.0
0.0
0.0
0.0
0.0
0.0
0.0
0.0
0.0
0.0
0.0
0.0
5
SEQUENCE 4
1 0 14
2 14 22
3 36 9
4 45 120
BIOZONE 2
4 0 17
5 17 148
FACIES 44
3 0 2
2 2 6
3 8 3
1 11 2
3 13 1
1 14 1
2 15 4
1 19 1
2 20 2
1 22 1
2 23 2
1 25 2
3 27 1
1 28 5
3 33 1
1 34 2
2 36 1
1 37 7
3 44 1
2 45 2
1 47 1
3 48 1
2 49 25
3 74 2
1 76 1
3 77 1
1 78 1
3 79 10
1 89 1
3 90 2
1 92 1
3 93 6
1 99 3
3 102 1
1 103 2
2 105 10
1 115 5
3 120 5
1 125 2
3 127 21
1 148 1
3 149 6
1 155 8
2 163 2
FACIES3 32
2 0 2
1 2 6
2 8 6
1 14 5
2 19 1
1 20 2
2 22 1
1 23 2
2 25 3
1 28 1
2 29 7
1 36 1
2 37 8
1 45 3
2 48 1
1 49 25
2 74 25
1 99 2
2 101 4
1 105 12
2 117 1
1 118 1
2 119 1
3 120 1
2 121 4
1 125 1
2 126 29
1 155 2
2 157 2
1 159 1
2 160 2
1 162 3
DISTALITY 1
3 0 165
15_3-1_S
71
426158.895 6524112.643 4957.870 106.680
7
GR 71
108.6728
108.3596
50.5569
11.4195
11.6619
12.9377
14.8095
20.6034
8.0778
14.9045
24.4052
20.6929
91.9948
97.4041
106.8636
100.1891
89.6848
91.6271
94.6203
91.7908
98.2340
89.3356
100.6187
65.6826
94.4129
85.1604
85.5638
41.9255
18.9684
37.5581
34.7155
48.0727
54.4173
45.6941
40.8873
42.0311
35.2608
35.5162
36.4938
29.3969
33.6929
27.2198
47.8766
77.1527
95.9215
98.1249
101.1296
103.0652
97.6425
80.2934
76.9564
44.5305
66.3160
75.9800
55.5954
62.1806
84.3606
85.5450
75.6353
68.9869
64.4963
73.6820
93.7752
78.3928
88.3547
95.4366
90.0529
83.7152
80.1064
29.5402
39.8355
NPHI 71
-999.25
-999.25
-999.25
-999.25
-999.25
-999.25
-999.25
-999.25
-999.25
-999.25
-999.25
-999.25
-999.25
-999.25
-999.25
-999.25
-999.25
-999.25
-999.25
-999.25
-999.25
-999.25
-999.25
-999.25
-999.25
-999.25
-999.25
-999.25
-999.25
-999.25
-999.25
-999.25
-999.25
-999.25
-999.25
-999.25
-999.25
-999.25
-999.25
-999.25
-999.25
-999.25
-999.25
-999.25
-999.25
-999.25
-999.25
-999.25
-999.25
-999.25
-999.25
-999.25
-999.25
-999.25
-999.25
-999.25
-999.25
-999.25
-999.25
-999.25
-999.25
-999.25
-999.25
-999.25
-999.25
-999.25
-999.25
-999.25
-999.25
-999.25
-999.25
BIOZONE 71
3.0
3.0
4.0
4.0
4.0
4.0
4.0
4.0
4.0
4.0
4.0
4.0
4.0
4.0
4.0
4.0
4.0
4.0
4.0
4.0
4.0
4.0
4.0
4.0
4.0
4.0
4.0
4.0
4.0
4.0
4.0
4.0
4.0
4.0
4.0
4.0
4.0
4.0
4.0
4.0
4.0
4.0
4.0
4.0
4.0
4.0
4.0
4.0
4.0
4.0
4.0
4.0
4.0
4.0
4.0
4.0
4.0
4.0
4.0
4.0
4.0
4.0
4.0
4.0
4.0
4.0
4.0
4.0
4.0
4.0
4.0
SEQUENCE 71
1.0
1.0
1.0
1.0
1.0
1.0
1.0
1.0
1.0
1.0
1.0
1.0
1.0
1.0
1.0
1.0
1.0
1.0
1.0
1.0
1.0
1.0
1.0
1.0
1.0
1.0
1.0
2.0
2.0
2.0
2.0
2.0
2.0
2.0
2.0
2.0
2.0
2.0
2.0
2.0
2.0
2.0
2.0
2.0
2.0
2.0
2.0
2.0
2.0
2.0
2.0
2.0
3.0
3.0
3.0
3.0
3.0
3.0
3.0
3.0
3.0
3.0
3.0
3.0
3.0
3.0
3.0
3.0
3.0
4.0
4.0
FACIES 71
4.0
4.0
1.0
2.0
2.0
2.0
2.0
2.0
2.0
2.0
2.0
2.0
3.0
3.0
4.0
3.0
3.0
3.0
3.0
3.0
3.0
3.0
3.0
1.0
3.0
3.0
3.0
2.0
2.0
2.0
2.0
1.0
1.0
1.0
2.0
2.0
2.0
2.0
2.0
2.0
2.0
2.0
1.0
3.0
3.0
3.0
3.0
3.0
3.0
3.0
3.0
2.0
1.0
3.0
1.0
1.0
3.0
3.0
3.0
1.0
1.0
1.0
3.0
3.0
3.0
3.0
3.0
3.0
3.0
2.0
2.0
FACIES3 71
3.0
3.0
1.0
1.0
1.0
1.0
1.0
1.0
1.0
1.0
1.0
1.0
3.0
3.0
3.0
3.0
2.0
3.0
3.0
3.0
3.0
2.0
3.0
2.0
3.0
2.0
2.0
1.0
1.0
1.0
1.0
1.0
1.0
1.0
1.0
1.0
1.0
1.0
1.0
1.0
1.0
1.0
1.0
2.0
3.0
3.0
3.0
3.0
3.0
2.0
2.0
1.0
2.0
2.0
1.0
2.0
2.0
2.0
2.0
2.0
2.0
2.0
3.0
2.0
2.0
3.0
3.0
2.0
2.0
1.0
1.0
ZONELOG_REF 71
0.0
0.0
0.0
0.0
0.0
0.0
0.0
0.0
0.0
0.0
0.0
0.0
0.0
0.0
0.0
0.0
0.0
0.0
0.0
0.0
0.0
0.0
0.0
0.0
0.0
0.0
0.0
0.0
0.0
0.0
0.0
0.0
0.0
0.0
0.0
0.0
0.0
0.0
0.0
0.0
0.0
0.0
0.0
0.0
0.0
0.0
0.0
0.0
0.0
0.0
0.0
0.0
0.0
0.0
0.0
0.0
0.0
0.0
0.0
0.0
0.0
0.0
0.0
0.0
0.0
0.0
0.0
0.0
0.0
0.0
0.0
5
SEQUENCE 4
1 0 27
2 27 25
3 52 17
4 69 2
BIOZONE 2
3 0 2
4 2 69
FACIES 21
4 0 2
1 2 1
2 3 9
3 12 2
4 14 1
3 15 8
1 23 1
3 24 3
2 27 4
1 31 3
2 34 8
1 42 1
3 43 8
2 51 1
1 52 1
3 53 1
1 54 2
3 56 3
1 59 3
3 62 7
2 69 2
FACIES3 23
3 0 2
1 2 10
3 12 4
2 16 1
3 17 4
2 21 1
3 22 1
2 23 1
3 24 1
2 25 2
1 27 16
2 43 1
3 44 5
2 49 2
1 51 1
2 52 2
1 54 1
2 55 7
3 62 1
2 63 2
3 65 2
2 67 2
1 69 2
DISTALITY 1
4 0 71
END
