WeCo WellList 2
7
B10
28
653712.400000 4353546.000000 -1751.650000 0.908214
5
DEPTH 28
-1751.650000
-1751.325000
-1751.125000
-1750.730000
-1750.355000
-1750.225000
-1749.675000
-1749.210000
-1749.085000
-1748.955000
-1745.855000
-1741.800000
-1740.255000
-1738.575000
-1737.070000
-1735.665000
-1734.615000
-1734.050000
-1733.475000
-1733.325000
-1732.965000
-1732.595000
-1732.280000
-1730.225000
-1728.325000
-1728.235000
-1727.605000
-1726.220000
FACIES 28
0.000000
1.000000
2.000000
2.000000
0.000000
1.000000
2.000000
1.000000
1.000000
1.000000
5.000000
5.000000
2.000000
5.000000
2.000000
3.000000
3.000000
3.000000
3.000000
1.000000
2.000000
1.000000
2.000000
4.000000
1.000000
1.000000
2.000000
3.000000
MEMBER 28
2.000000
2.000000
2.000000
2.000000
2.000000
2.000000
2.000000
2.000000
2.000000
1.000000
1.000000
1.000000
1.000000
1.000000
1.000000
1.000000
1.000000
1.000000
1.000000
1.000000
1.000000
1.000000
1.000000
1.000000
1.000000
1.000000
1.000000
1.000000
ZONE 28
0.000000
0.000000
0.000000
0.000000
0.000000
0.000000
0.000000
0.000000
0.000000
0.000000
6.000000
5.000000
4.000000
4.000000
4.000000
4.000000
3.000000
3.000000
3.000000
2.000000
2.000000
2.000000
2.000000
2.000000
1.000000
1.000000
1.000000
1.000000
SEQSTRAT 28
0.000000
1.000000
1.000000
1.000000
1.000000
1.000000
1.000000
1.000000
1.000000
1.000000
1.000000
5.000000
4.000000
4.000000
4.000000
4.000000
4.000000
2.000000
6.000000
6.000000
6.000000
6.000000
6.000000
6.000000
6.000000
0.000000
0.000000
0.000000
4
FACIES 18
1 1 1
2 2 2
1 5 1
2 6 1
1 7 3
5 10 2
2 12 1
5 13 1
2 14 1
3 15 4
1 19 1
2 20 1
1 21 1
2 22 1
4 23 1
1 24 2
2 26 1
3 27 1
MEMBER 2
2 0 9
1 9 19
ZONE 6
6 10 1
5 11 1
4 12 4
3 16 3
2 19 5
1 24 4
SEQSTRAT 5
1 1 10
5 11 1
4 12 5
2 17 1
6 18 7
B11
37
653159.800000 4354096.000000 -1764.220000 0.897703
5
DEPTH 37
-1764.220000
-1761.315000
-1758.425000
-1758.410000
-1757.550000
-1756.695000
-1756.685000
-1756.200000
-1755.375000
-1753.035000
-1750.520000
-1749.995000
-1749.450000
-1748.905000
-1748.870000
-1748.835000
-1748.695000
-1748.310000
-1748.055000
-1747.030000
-1746.005000
-1745.825000
-1743.470000
-1740.920000
-1740.175000
-1739.790000
-1739.775000
-1738.280000
-1735.515000
-1734.220000
-1734.150000
-1733.965000
-1733.435000
-1732.905000
-1732.520000
-1731.640000
-1731.005000
FACIES 37
0.000000
5.000000
0.000000
5.000000
5.000000
5.000000
0.000000
2.000000
5.000000
0.000000
5.000000
5.000000
5.000000
1.000000
1.000000
0.000000
2.000000
1.000000
0.000000
5.000000
1.000000
1.000000
3.000000
2.000000
3.000000
3.000000
2.000000
2.000000
8.000000
2.000000
2.000000
2.000000
6.000000
2.000000
6.000000
2.000000
2.000000
MEMBER 37
1.000000
1.000000
1.000000
1.000000
1.000000
1.000000
1.000000
1.000000
1.000000
1.000000
1.000000
1.000000
1.000000
1.000000
1.000000
1.000000
1.000000
1.000000
1.000000
1.000000
1.000000
1.000000
1.000000
1.000000
1.000000
1.000000
1.000000
0.000000
0.000000
0.000000
0.000000
0.000000
0.000000
0.000000
0.000000
0.000000
0.000000
ZONE 37
0.000000
6.000000
0.000000
5.000000
5.000000
5.000000
0.000000
4.000000
4.000000
4.000000
4.000000
4.000000
3.000000
3.000000
2.000000
2.000000
2.000000
2.000000
2.000000
2.000000
1.000000
1.000000
1.000000
1.000000
1.000000
1.000000
0.000000
0.000000
0.000000
0.000000
0.000000
0.000000
0.000000
0.000000
0.000000
0.000000
0.000000
SEQSTRAT 37
0.000000
0.000000
0.000000
0.000000
5.000000
4.000000
4.000000
4.000000
4.000000
4.000000
4.000000
2.000000
2.000000
2.000000
6.000000
6.000000
6.000000
6.000000
6.000000
6.000000
6.000000
7.000000
7.000000
7.000000
7.000000
0.000000
0.000000
0.000000
0.000000
0.000000
0.000000
0.000000
0.000000
0.000000
0.000000
0.000000
0.000000
4
FACIES 20
5 1 1
5 3 3
2 7 1
5 8 1
5 10 3
1 13 2
2 16 1
1 17 1
5 19 1
1 20 2
3 22 1
2 23 1
3 24 2
2 26 2
8 28 1
2 29 3
6 32 1
2 33 1
6 34 1
2 35 2
MEMBER 1
1 0 27
ZONE 6
6 1 1
5 3 3
4 7 5
3 12 2
2 14 6
1 20 6
SEQSTRAT 5
5 4 1
4 5 6
2 11 3
6 14 7
7 21 4
B3
21
652945.200000 4355266.000000 -1810.150000 1.055952
5
DEPTH 21
-1810.150000
-1807.025000
-1803.875000
-1802.300000
-1800.575000
-1799.275000
-1797.650000
-1796.725000
-1796.275000
-1796.075000
-1794.725000
-1793.360000
-1793.310000
-1793.200000
-1792.950000
-1792.675000
-1792.250000
-1791.800000
-1790.675000
-1789.625000
-1787.975000
FACIES 21
2.000000
5.000000
5.000000
5.000000
2.000000
3.000000
2.000000
6.000000
2.000000
4.000000
4.000000
1.000000
1.000000
1.000000
2.000000
1.000000
6.000000
2.000000
7.000000
7.000000
7.000000
MEMBER 21
2.000000
1.000000
1.000000
1.000000
1.000000
1.000000
1.000000
1.000000
1.000000
1.000000
1.000000
1.000000
1.000000
1.000000
1.000000
1.000000
1.000000
1.000000
1.000000
1.000000
1.000000
ZONE 21
0.000000
6.000000
5.000000
5.000000
4.000000
4.000000
4.000000
4.000000
4.000000
4.000000
3.000000
3.000000
2.000000
2.000000
2.000000
2.000000
2.000000
2.000000
2.000000
2.000000
1.000000
SEQSTRAT 21
0.000000
0.000000
0.000000
5.000000
4.000000
4.000000
4.000000
4.000000
4.000000
2.000000
2.000000
2.000000
2.000000
0.000000
0.000000
0.000000
0.000000
0.000000
0.000000
0.000000
0.000000
4
FACIES 14
2 0 1
5 1 3
2 4 1
3 5 1
2 6 1
6 7 1
2 8 1
4 9 2
1 11 3
2 14 1
1 15 1
6 16 1
2 17 1
7 18 3
MEMBER 2
2 0 1
1 1 20
ZONE 6
6 1 1
5 2 2
4 4 6
3 10 2
2 12 8
1 20 1
SEQSTRAT 3
5 3 1
4 4 5
2 9 4
B5
34
653093.600000 4354820.000000 -1801.245000 0.792500
5
DEPTH 34
-1801.245000
-1801.220000
-1801.080000
-1800.845000
-1800.725000
-1798.400000
-1796.070000
-1795.780000
-1794.955000
-1794.405000
-1792.600000
-1789.445000
-1787.765000
-1787.420000
-1786.150000
-1784.880000
-1784.770000
-1784.540000
-1784.290000
-1784.175000
-1783.335000
-1782.050000
-1781.595000
-1778.980000
-1776.360000
-1776.325000
-1776.105000
-1775.715000
-1775.390000
-1775.180000
-1774.885000
-1774.655000
-1774.620000
-1774.300000
FACIES 34
1.000000
1.000000
1.000000
2.000000
0.000000
5.000000
5.000000
5.000000
5.000000
5.000000
0.000000
0.000000
3.000000
4.000000
4.000000
4.000000
1.000000
2.000000
1.000000
0.000000
5.000000
2.000000
0.000000
4.000000
4.000000
6.000000
6.000000
2.000000
6.000000
2.000000
6.000000
0.000000
2.000000
2.000000
MEMBER 34
0.000000
2.000000
2.000000
2.000000
1.000000
1.000000
1.000000
1.000000
1.000000
1.000000
1.000000
1.000000
1.000000
1.000000
1.000000
1.000000
1.000000
1.000000
1.000000
1.000000
1.000000
1.000000
1.000000
1.000000
0.000000
0.000000
0.000000
0.000000
0.000000
0.000000
0.000000
0.000000
0.000000
0.000000
ZONE 34
0.000000
0.000000
0.000000
0.000000
0.000000
6.000000
0.000000
5.000000
5.000000
4.000000
4.000000
4.000000
4.000000
3.000000
3.000000
3.000000
2.000000
2.000000
2.000000
2.000000
2.000000
1.000000
1.000000
1.000000
1.000000
0.000000
0.000000
0.000000
0.000000
0.000000
0.000000
0.000000
0.000000
0.000000
SEQSTRAT 34
0.000000
0.000000
0.000000
0.000000
0.000000
0.000000
0.000000
0.000000
5.000000
5.000000
5.000000
4.000000
4.000000
4.000000
2.000000
6.000000
6.000000
6.000000
6.000000
6.000000
6.000000
7.000000
7.000000
7.000000
7.000000
7.000000
0.000000
0.000000
0.000000
0.000000
0.000000
0.000000
0.000000
0.000000
4
FACIES 17
1 0 3
2 3 1
5 5 5
3 12 1
4 13 3
1 16 1
2 17 1
1 18 1
5 20 1
2 21 1
4 23 2
6 25 2
2 27 1
6 28 1
2 29 1
6 30 1
2 32 2
MEMBER 2
2 1 3
1 4 20
ZONE 6
6 5 1
5 7 2
4 9 4
3 13 3
2 16 5
1 21 4
SEQSTRAT 5
5 8 3
4 11 3
2 14 1
6 15 6
7 21 5
B6
21
653231.700000 4353913.000000 -1746.670000 1.212619
5
DEPTH 21
-1746.670000
-1742.370000
-1738.380000
-1737.530000
-1736.680000
-1736.270000
-1734.775000
-1732.935000
-1732.190000
-1731.940000
-1731.015000
-1730.315000
-1730.180000
-1729.775000
-1727.410000
-1725.315000
-1725.265000
-1723.465000
-1721.680000
-1721.435000
-1721.205000
FACIES 21
1.000000
5.000000
5.000000
5.000000
5.000000
2.000000
5.000000
3.000000
3.000000
2.000000
2.000000
6.000000
6.000000
2.000000
7.000000
1.000000
1.000000
7.000000
7.000000
2.000000
0.000000
MEMBER 21
2.000000
1.000000
1.000000
1.000000
1.000000
1.000000
1.000000
1.000000
1.000000
1.000000
1.000000
1.000000
1.000000
1.000000
1.000000
1.000000
1.000000
1.000000
1.000000
0.000000
0.000000
ZONE 21
0.000000
6.000000
6.000000
5.000000
5.000000
5.000000
4.000000
4.000000
4.000000
3.000000
3.000000
2.000000
2.000000
2.000000
2.000000
1.000000
1.000000
1.000000
1.000000
0.000000
0.000000
SEQSTRAT 21
0.000000
0.000000
5.000000
5.000000
4.000000
4.000000
4.000000
4.000000
3.000000
3.000000
2.000000
2.000000
6.000000
6.000000
6.000000
6.000000
7.000000
7.000000
0.000000
0.000000
0.000000
4
FACIES 12
1 0 1
5 1 4
2 5 1
5 6 1
3 7 2
2 9 2
6 11 2
2 13 1
7 14 1
1 15 2
7 17 2
2 19 1
MEMBER 2
2 0 1
1 1 18
ZONE 6
6 1 2
5 3 3
4 6 3
3 9 2
2 11 4
1 15 4
SEQSTRAT 6
5 2 2
4 4 4
3 8 2
2 10 2
6 12 4
7 16 2
B7
20
653456.900000 4353783.000000 -1749.070000 1.274250
5
DEPTH 20
-1749.070000
-1748.450000
-1744.600000
-1740.560000
-1738.615000
-1737.305000
-1737.130000
-1736.250000
-1734.520000
-1733.495000
-1733.095000
-1731.860000
-1731.010000
-1730.835000
-1730.510000
-1728.795000
-1727.220000
-1727.165000
-1725.365000
-1723.585000
FACIES 20
1.000000
2.000000
5.000000
2.000000
5.000000
2.000000
2.000000
5.000000
3.000000
3.000000
2.000000
3.000000
1.000000
1.000000
2.000000
4.000000
1.000000
1.000000
7.000000
7.000000
MEMBER 20
2.000000
2.000000
1.000000
1.000000
1.000000
1.000000
1.000000
1.000000
1.000000
1.000000
1.000000
1.000000
1.000000
1.000000
1.000000
1.000000
1.000000
1.000000
1.000000
1.000000
ZONE 20
0.000000
0.000000
6.000000
5.000000
5.000000
0.000000
4.000000
4.000000
4.000000
4.000000
3.000000
3.000000
2.000000
2.000000
2.000000
2.000000
1.000000
1.000000
1.000000
0.000000
SEQSTRAT 20
0.000000
0.000000
0.000000
5.000000
5.000000
5.000000
4.000000
4.000000
4.000000
3.000000
3.000000
2.000000
2.000000
6.000000
6.000000
6.000000
6.000000
0.000000
0.000000
0.000000
4
FACIES 15
1 0 1
2 1 1
5 2 1
2 3 1
5 4 1
2 5 2
5 7 1
3 8 2
2 10 1
3 11 1
1 12 2
2 14 1
4 15 1
1 16 2
7 18 2
MEMBER 2
2 0 2
1 2 18
ZONE 6
6 2 1
5 3 2
4 6 4
3 10 2
2 12 4
1 16 3
SEQSTRAT 5
5 3 3
4 6 3
3 9 2
2 11 2
6 13 4
B9
17
653665.500000 4352619.000000 -1735.995000 1.237941
5
DEPTH 17
-1735.995000
-1733.045000
-1729.300000
-1728.325000
-1727.050000
-1725.675000
-1724.175000
-1722.925000
-1722.050000
-1721.100000
-1720.900000
-1719.250000
-1717.550000
-1716.900000
-1715.825000
-1715.225000
-1714.950000
FACIES 17
5.000000
5.000000
5.000000
2.000000
9.000000
2.000000
3.000000
5.000000
5.000000
2.000000
1.000000
4.000000
1.000000
2.000000
5.000000
0.000000
0.000000
MEMBER 17
0.000000
1.000000
1.000000
1.000000
1.000000
1.000000
1.000000
1.000000
1.000000
1.000000
1.000000
1.000000
1.000000
1.000000
1.000000
1.000000
0.000000
ZONE 17
6.000000
6.000000
5.000000
4.000000
4.000000
4.000000
4.000000
3.000000
3.000000
3.000000
2.000000
2.000000
1.000000
1.000000
1.000000
0.000000
0.000000
SEQSTRAT 17
0.000000
0.000000
5.000000
4.000000
4.000000
4.000000
4.000000
4.000000
2.000000
6.000000
6.000000
6.000000
7.000000
7.000000
7.000000
7.000000
7.000000
4
FACIES 12
5 0 3
2 3 1
9 4 1
2 5 1
3 6 1
5 7 2
2 9 1
1 10 1
4 11 1
1 12 1
2 13 1
5 14 1
MEMBER 1
1 1 15
ZONE 6
6 0 2
5 2 1
4 3 4
3 7 3
2 10 2
1 12 3
SEQSTRAT 5
5 2 1
4 3 5
2 8 1
6 9 3
7 12 5
END
