WellIds: 0 1 2 3 4 5 6 7 8
Node 0 ( 0 0 0 0 0 0 0 0 0 )
Node 1 ( 0 0 0 0 0 0 0 0 1 )
  -> 0 (227.476)
Node 2 ( 0 0 0 0 0 0 0 1 0 )
  -> 0 (457.303)
Node 3 ( 0 0 0 0 0 0 0 1 1 )
  -> 0 (321.318)
Node 4 ( 0 0 0 0 0 0 1 1 1 )
  -> 0 (371.909)
Node 5 ( 0 0 0 0 0 1 1 1 1 )
  -> 0 (381.125)
Node 6 ( 0 0 0 0 1 1 1 1 1 )
  -> 0 (464.895)
Node 7 ( 1 1 1 1 0 0 0 0 0 )
  -> 0 (3193.85)
Node 8 ( 1 1 1 1 1 0 0 0 0 )
  -> 0 (3307.34)
Node 9 ( 1 1 1 1 1 1 0 0 0 )
  -> 0 (3303.84)
Node 10 ( 1 1 1 1 1 1 0 0 1 )
  -> 0 (3426.49)
Node 11 ( 1 1 1 1 1 1 1 0 0 )
  -> 0 (3278.12)
Node 12 ( 1 1 1 1 1 1 1 0 1 )
  -> 0 (3400.76)
Node 13 ( 1 1 1 1 1 1 1 1 0 )
  -> 0 (3244.29)
Node 14 ( 1 1 1 1 1 1 1 1 1 )
  -> 10 (179.6)
  -> 6 (3108.3)
  -> 2 (3108.3)
  -> 12 (159.341)
  -> 8 (203.731)
  -> 7 (298.5)
  -> 5 (3108.3)
  -> 9 (179.6)
  -> 4 (3108.3)
  -> 11 (159.341)
  -> 3 (3108.3)
  -> 13 (104.831)
  -> 1 (3108.3)
  -> 0 (3108.3)
Node 15 ( 1 1 1 1 1 1 1 1 2 )
  -> 4 (3230.95)
  -> 3 (3230.95)
  -> 1 (3230.95)
  -> 14 (227.476)
Node 16 ( 1 1 1 1 1 1 1 2 1 )
  -> 14 (457.303)
Node 17 ( 1 1 1 1 1 1 1 2 2 )
  -> 3 (3270.28)
  -> 14 (321.318)
Node 18 ( 1 1 1 1 1 1 2 2 2 )
  -> 14 (371.909)
Node 19 ( 1 1 1 1 1 2 2 2 2 )
  -> 14 (402.338)
Node 20 ( 2 2 2 2 2 1 1 1 1 )
  -> 14 (3475.58)
Node 21 ( 2 2 2 2 2 2 1 1 1 )
  -> 14 (3472.08)
Node 22 ( 2 2 2 2 2 2 1 1 2 )
  -> 14 (3594.72)
Node 23 ( 2 2 2 2 2 2 2 1 1 )
  -> 13 (3446.35)
  -> 14 (3446.35)
Node 24 ( 2 2 2 2 2 2 2 1 2 )
  -> 14 (3569)
Node 25 ( 2 2 2 2 2 2 2 2 1 )
  -> 13 (3412.52)
  -> 14 (3412.52)
Node 26 ( 2 2 2 2 2 2 2 2 2 )
  -> 22 (179.6)
  -> 16 (3276.54)
  -> 24 (159.341)
  -> 20 (224.945)
  -> 19 (3276.54)
  -> 21 (179.6)
  -> 18 (3276.54)
  -> 23 (159.341)
  -> 17 (3276.54)
  -> 25 (104.831)
  -> 15 (3276.54)
  -> 14 (3276.54)
Node 27 ( 2 2 2 2 2 2 2 2 3 )
  -> 18 (3399.18)
  -> 17 (3399.18)
  -> 15 (3399.18)
  -> 26 (227.476)
Node 28 ( 2 2 2 2 2 2 2 3 2 )
  -> 26 (457.303)
Node 29 ( 2 2 2 2 2 2 2 3 3 )
  -> 17 (3438.51)
  -> 26 (321.318)
Node 30 ( 2 2 2 2 2 2 3 3 3 )
  -> 26 (371.909)
Node 31 ( 2 2 2 2 2 3 3 3 3 )
  -> 26 (433.177)
Node 32 ( 3 3 3 3 3 3 2 2 2 )
  -> 26 (3960.29)
Node 33 ( 3 3 3 3 3 3 3 2 2 )
  -> 25 (3927.29)
  -> 26 (3927.29)
Node 34 ( 3 3 3 3 3 3 3 2 3 )
  -> 26 (4049.94)
Node 35 ( 3 3 3 3 3 3 3 3 2 )
  -> 25 (3893.46)
  -> 26 (3893.46)
Node 36 ( 3 3 3 3 3 3 3 3 3 )
  -> 28 (3757.48)
  -> 34 (159.341)
  -> 31 (3757.48)
  -> 32 (180.973)
  -> 30 (3757.48)
  -> 33 (159.341)
  -> 29 (3757.48)
  -> 35 (104.831)
  -> 27 (3757.48)
  -> 26 (3757.48)
Node 37 ( 3 3 3 3 3 3 3 3 4 )
  -> 30 (3880.12)
  -> 29 (3880.12)
  -> 27 (3880.12)
  -> 36 (227.476)
Node 38 ( 3 3 3 3 3 3 3 4 3 )
  -> 36 (457.303)
Node 39 ( 3 3 3 3 3 3 3 4 4 )
  -> 29 (3919.46)
  -> 36 (321.318)
Node 40 ( 3 3 3 3 3 3 4 4 4 )
  -> 36 (404.894)
Node 41 ( 4 4 4 4 4 4 4 3 3 )
  -> 35 (4168.28)
  -> 36 (4168.28)
Node 42 ( 4 4 4 4 4 4 4 3 4 )
  -> 36 (4290.93)
Node 43 ( 4 4 4 4 4 4 4 4 3 )
  -> 35 (4108.39)
  -> 36 (4108.39)
Node 44 ( 4 4 4 4 4 4 4 4 4 )
  -> 42 (166.691)
  -> 38 (3972.4)
  -> 40 (3972.4)
  -> 41 (166.691)
  -> 39 (3972.4)
  -> 43 (104.831)
  -> 37 (3972.4)
  -> 36 (3972.4)
Node 45 ( 4 4 4 4 4 4 4 4 5 )
  -> 39 (4095.05)
  -> 37 (4095.05)
  -> 44 (227.476)
Node 46 ( 4 4 4 4 4 4 4 5 5 )
  -> 44 (379.995)
Node 47 ( 5 5 5 5 5 5 5 5 4 )
  -> 43 (4193.67)
  -> 44 (4193.67)
Node 48 ( 5 5 5 5 5 5 5 5 5 )
  -> 46 (4004.06)
  -> 47 (122.413)
  -> 45 (4004.06)
  -> 44 (4004.06)
