WeCo WellList 2
6
CARB-00
50
0.000000 0.000000 0.000000 24.791667
6
GR 50
9.070900
11.848300
24.410600
35.661200
51.318500
48.351200
9.995500
12.200500
25.470400
32.226500
39.144700
57.898700
55.689500
48.861700
9.565000
23.158400
26.593200
33.326700
38.401600
56.631900
48.991000
10.446900
22.906900
32.550800
37.176400
56.244200
59.500800
15.993900
26.693500
40.213600
51.071800
47.583200
11.897600
33.482000
51.618000
55.458900
16.744200
22.355800
39.744700
57.482600
49.627600
10.482200
12.088400
26.166900
34.122900
40.855100
54.131200
56.155700
55.188400
50.686200
DEN 50
2.070000
2.276100
2.711500
2.527300
2.888700
2.648300
2.477000
2.362900
2.492800
2.673700
2.771500
2.810600
2.948900
2.676400
2.321100
2.416300
2.648200
2.622300
2.580300
2.780900
2.731000
2.354900
2.532400
2.607300
2.661000
2.955500
2.842100
2.544000
2.627300
2.877500
2.924500
2.917900
2.415200
2.548800
2.727800
2.863000
2.485400
2.519100
2.723600
2.885900
3.056800
2.325200
2.284100
2.567800
2.671300
2.720700
3.032700
3.036500
2.767600
3.065600
SON 50
53.341000
66.225500
58.856000
54.667800
48.603400
51.329400
63.851600
63.022100
62.975100
54.118800
51.984000
50.905600
49.287600
52.409900
66.811200
59.193700
55.645800
58.749000
57.446200
51.358200
54.110600
67.245400
62.111300
56.384700
54.647300
50.937600
49.466100
59.818800
61.181700
54.807500
51.373000
50.392500
63.600800
53.613000
54.458700
49.396900
61.362100
59.492900
55.161600
46.664500
52.048700
64.844900
61.727900
57.495000
53.094400
55.027200
44.820700
50.645000
50.627900
49.828400
NEU 50
17.295400
18.591400
11.607300
4.894000
1.541700
3.918000
19.784800
19.045300
11.260700
6.324900
4.396100
1.013300
1.048400
3.936200
20.541500
13.689100
12.175700
6.180600
4.147600
0.972000
3.948600
19.953200
13.524400
5.899100
4.664700
0.970200
0.987300
18.631800
10.538000
4.561200
0.992400
3.680900
18.258500
6.146700
1.666200
0.967400
15.643000
12.919000
4.320800
0.978600
3.795600
19.446600
20.062200
11.951200
5.774700
4.433900
1.028300
0.951800
1.002700
1.002300
RT 50
24.785500
36.982600
82.385800
195.067500
471.071300
455.570400
29.150600
39.198200
81.398500
173.175600
244.179400
510.441900
494.241400
412.601800
30.713600
73.228100
77.454200
174.354000
233.377100
497.736700
441.510300
29.920200
70.736900
174.657400
250.041700
506.288200
469.667100
104.943800
94.832900
246.849400
468.000100
418.735600
37.677800
178.540900
431.591600
483.828200
92.515900
73.819800
244.983400
473.638100
422.838300
29.734300
38.345700
80.678000
174.996900
243.310100
514.968700
489.322300
488.274900
484.298800
PEF 50
4.263900
4.846500
4.877500
5.286900
5.438200
5.015700
4.842300
5.209300
5.522400
5.052200
5.014000
5.481700
5.625900
5.200500
5.857100
4.811300
5.214400
5.224000
5.101800
5.258400
5.249400
5.288800
5.485700
5.084000
4.986000
5.180600
4.991100
4.971300
5.325200
5.268900
4.990800
4.919300
5.288800
4.945600
5.144200
5.223800
5.083000
4.920200
5.004400
4.940200
4.945200
5.251900
5.189600
5.283500
5.332500
5.036000
4.801000
5.271400
5.342500
5.236200
1
FACIES 32
4 0 1
3 1 1
2 2 1
1 3 1
4 5 1
3 7 1
2 8 1
1 10 2
4 13 1
3 15 1
2 16 1
1 18 2
4 20 1
3 21 1
2 22 1
1 24 2
4 26 1
3 27 1
2 28 1
1 29 2
4 31 1
3 32 1
2 32 1
1 33 2
4 35 1
3 36 1
2 37 1
1 38 2
4 40 1
3 42 1
2 43 1
1 45 4
CARB-04
50
2000.000000 0.000000 0.000000 24.791667
6
GR 50
8.686000
11.988700
23.459500
36.319700
48.732400
16.821400
12.476700
24.737500
34.283000
53.668300
45.703300
9.500300
11.253800
23.977000
33.164300
38.246600
55.156100
52.705000
9.582900
22.063700
34.142300
38.704300
52.494900
48.038800
9.669000
21.804000
24.789000
32.615500
36.984800
52.836000
48.025900
12.309500
26.225800
54.528100
57.041000
16.985900
10.073100
22.843700
27.326400
35.258700
51.441600
55.629800
49.331000
12.189800
26.095600
32.544400
50.490500
55.487500
56.658300
52.300300
DEN 50
2.208700
2.476900
2.540800
2.652200
2.875500
2.506700
2.384300
2.619100
2.715400
2.884600
2.773600
2.558800
2.345900
2.693100
2.595900
2.702100
2.797100
2.724800
2.477300
2.696200
2.757600
2.905700
3.084900
2.929100
2.366600
2.687600
2.568000
2.799600
2.635500
2.961100
2.982600
2.383900
2.505500
2.871600
2.930400
2.431400
2.509300
2.665500
2.808700
2.611000
2.833900
2.892500
2.816800
2.357000
2.574800
2.812700
2.943300
2.803600
2.817200
2.874600
SON 50
54.755700
68.139500
62.525400
57.883100
48.382000
59.989400
59.664400
57.312700
49.297400
49.741800
54.311700
66.429900
63.123200
64.135500
56.502100
50.307400
51.249800
47.978100
63.149800
59.740500
54.237400
52.063100
51.397600
53.338300
68.335600
62.133700
57.170000
56.078000
57.684000
51.500900
52.763800
61.100000
62.269000
48.636000
50.448300
61.285100
65.683200
61.367400
59.881500
53.307600
52.180900
49.511000
50.844800
68.274000
61.747700
56.675500
49.891500
53.361600
48.259100
52.735300
NEU 50
17.458400
19.612700
11.667400
4.853700
1.581500
18.852000
18.070100
11.323600
4.876600
1.623200
3.834700
21.107800
19.048100
12.333900
5.902800
4.709000
1.011700
0.995900
19.489200
13.598100
5.926700
4.269300
1.005300
4.004600
21.455300
13.204300
11.861100
5.802600
4.771500
0.948300
3.829600
17.610000
11.697700
1.561900
1.023100
17.302500
20.183000
12.651700
11.337800
4.669400
1.603500
0.942700
4.102700
19.889000
12.972600
5.009500
1.617700
0.985600
1.035400
1.027200
RT 50
25.623600
38.070900
81.318800
193.333800
433.621300
95.944400
37.773300
79.735700
202.016100
460.917800
425.833100
29.551100
37.654000
77.182300
180.679900
248.573700
479.890700
508.021100
27.998800
73.830900
179.203300
243.417800
497.528600
427.332900
29.635100
71.984300
84.040800
187.164000
245.821700
529.698600
416.810600
35.874400
96.776400
460.999100
513.616500
104.199800
32.518700
72.143900
98.365000
206.165600
466.991800
516.499600
458.180800
39.077500
76.311200
202.433900
441.479300
515.313700
486.667400
475.444500
PEF 50
4.576000
5.019600
4.994800
5.036400
5.440600
5.123300
5.371400
5.249600
4.933900
4.699000
5.039800
5.456400
5.339000
5.175900
4.940600
5.082000
4.877200
5.074600
5.021100
5.342000
5.322700
5.249300
4.652600
4.814500
5.099400
5.284000
4.677300
4.880700
4.932000
5.248600
5.020000
4.781600
4.967800
5.074000
4.617100
5.224700
5.277300
4.911400
4.813500
4.718600
5.360300
4.998300
4.592500
4.984800
5.051200
5.270200
4.867600
5.196900
5.054000
5.220100
1
FACIES 32
4 0 1
3 1 1
2 2 1
1 3 1
4 5 1
3 6 1
2 7 1
1 8 1
4 10 1
3 12 1
2 13 1
1 15 2
4 17 1
3 18 1
2 20 1
1 21 2
4 23 1
3 25 1
2 26 1
1 28 2
4 30 1
3 31 1
2 32 1
1 32 2
4 35 1
3 36 1
2 38 1
1 40 2
4 42 1
3 43 1
2 44 1
1 45 4
CARB-08
50
4000.000000 0.000000 0.000000 24.791667
6
GR 50
12.755400
10.259500
23.334400
33.834600
35.754600
13.435300
12.034800
27.462000
37.013200
30.836300
14.991300
10.801200
23.441800
32.950100
34.788500
32.875400
14.580000
10.743000
21.576500
26.834200
35.302500
31.937300
16.117800
10.694700
21.612900
34.853800
34.205600
33.756300
14.267900
12.194000
36.568800
33.906000
33.123400
13.771100
9.606700
24.996500
34.555800
32.984400
18.232400
14.884800
12.076700
24.616800
31.961700
35.436000
34.561300
35.125600
35.309000
36.096200
37.624200
34.997800
DEN 50
2.149100
2.473900
2.484000
2.493500
2.608300
2.356000
2.412400
2.425800
2.745000
2.793000
2.534500
2.459400
2.527800
2.526100
2.794800
2.478800
2.446100
2.523600
2.675400
2.598800
2.598100
2.674200
2.549100
2.305300
2.406600
2.654700
2.786100
2.823700
2.615700
2.478900
2.699100
2.701300
2.669800
2.512500
2.457000
2.424100
2.593700
2.604300
2.372100
2.538000
2.328700
2.593000
2.604900
2.684500
2.773000
2.642200
2.473900
2.706800
2.760500
2.742500
SON 50
47.106800
64.613900
67.347500
53.522800
51.900900
58.945500
64.381000
60.449400
56.963700
52.472900
60.758700
66.655400
63.173300
57.718300
56.119800
57.283900
60.875800
63.574200
64.694800
58.864800
56.973700
53.967700
55.805900
63.317400
63.714100
52.341200
49.540900
53.806600
60.133600
63.555200
54.828200
55.687500
52.825900
57.526300
65.848600
59.270200
55.831300
61.249700
55.597500
63.140800
65.711600
60.579600
58.237500
51.082900
52.281500
55.002000
53.888100
53.697000
52.942100
56.279100
NEU 50
13.531600
18.929700
12.514800
4.879200
5.018200
15.860700
16.428500
10.492700
4.635600
6.277000
16.306300
19.932000
13.133700
5.821900
4.981100
6.562800
15.604100
20.962400
13.079600
10.417900
4.787100
6.341700
14.228900
19.100000
12.720300
6.330800
4.980600
4.932500
15.677500
18.865800
5.783700
5.158000
6.400000
15.488800
20.296700
12.233300
6.019000
4.763300
13.425100
14.905100
17.817000
12.211900
6.189400
4.948000
4.879000
4.941100
4.957200
5.070900
4.977600
5.079500
RT 50
41.366800
30.575400
68.754900
197.805700
192.600500
44.130900
39.079800
102.374000
209.605700
179.149300
47.705100
28.872900
69.806200
184.728300
217.764800
182.039100
50.356000
34.309500
75.790500
97.478800
207.698800
189.153500
52.014400
30.460600
75.484000
184.151700
195.046500
201.654600
44.912800
36.301900
191.149800
205.928600
177.299200
46.144600
29.890600
83.596200
174.801600
186.902300
74.266400
46.422100
37.594100
75.195000
177.497800
184.919400
185.504000
199.265000
204.718000
207.800700
198.660900
199.413200
PEF 50
3.557200
5.182500
4.849100
4.987600
5.186500
4.825000
4.945500
5.101000
5.441700
5.066800
4.425900
5.366900
5.149400
5.219200
5.035900
5.281900
4.706500
4.923800
5.088100
5.239100
4.898100
4.839500
4.414600
5.223200
5.055300
4.958700
5.045200
4.990900
4.555800
5.088200
4.858000
5.203200
5.070000
4.549900
5.333600
5.173000
5.131600
5.222400
4.631000
4.601100
4.997400
5.162100
5.082100
5.263100
4.885000
4.667800
5.522600
5.223900
5.026000
5.137800
1
FACIES 32
5 0 1
4 0 1
3 1 1
2 2 2
5 4 1
4 5 1
3 6 1
2 7 2
5 9 1
4 10 1
3 11 1
2 12 2
5 15 1
4 16 1
3 17 1
2 19 2
5 21 1
4 22 1
3 23 1
2 25 2
5 27 1
4 28 1
3 29 1
2 30 2
5 32 1
4 33 1
3 34 1
2 35 2
5 37 1
4 39 1
3 40 1
2 41 8
CARB-12
50
6000.000000 0.000000 0.000000 24.791667
6
GR 50
12.942200
14.138000
10.677100
12.169400
24.851200
31.993900
33.746200
35.847800
17.605000
13.968600
12.038000
25.490100
33.594800
32.418300
15.714500
10.094300
22.665800
26.646700
34.660100
34.452700
14.970600
13.537100
10.028100
22.505900
25.294500
34.703900
36.366200
32.959700
14.650100
10.042600
24.543600
32.028000
30.888800
15.646200
10.735100
12.112400
24.223200
25.518700
37.178800
18.477600
14.216600
10.726500
12.304700
24.339800
32.224500
32.904900
16.912500
10.978700
26.792500
36.319000
DEN 50
2.148600
2.468400
2.413900
2.445400
2.691000
2.457800
2.667800
2.691400
2.391300
2.526200
2.352400
2.523900
2.729200
2.728600
2.536900
2.366700
2.434100
2.597500
2.777700
2.513700
2.351000
2.536100
2.426300
2.543900
2.559100
2.673500
2.703500
2.709500
2.552700
2.517400
2.544300
2.546200
2.585600
2.584500
2.505800
2.368400
2.453200
2.709700
2.586400
2.506100
2.416500
2.318900
2.285200
2.597900
2.701500
2.669700
2.478700
2.482000
2.545200
2.660500
SON 50
48.822900
58.281200
59.240500
66.679500
61.533800
54.013600
56.271800
55.416100
60.421500
63.134900
64.352300
55.832400
53.664700
54.348800
56.121900
68.428100
59.111000
60.918400
55.565500
55.907400
52.709900
59.055600
65.265900
56.946300
57.352300
57.496000
53.159000
58.708500
59.374500
63.519800
61.255300
57.032600
54.979100
52.731700
60.749100
61.215100
62.344300
59.650700
57.318900
55.671700
61.159400
67.631300
61.370100
63.833500
52.451000
53.566200
55.865000
64.573200
56.624100
53.121700
NEU 50
12.537100
14.959200
19.322700
18.796100
12.007400
6.192800
5.160600
5.250000
13.762800
15.290500
17.565200
11.802500
5.873500
6.270600
14.892100
21.309700
12.971200
10.329600
5.126000
5.041400
15.263300
16.153700
20.633100
13.048000
12.378300
4.853100
4.823500
6.727800
15.203500
20.342800
12.358000
6.191900
6.461900
14.606600
18.451600
18.466100
11.765200
10.299100
5.263900
13.983800
16.138600
19.830800
18.860700
12.137900
6.157600
5.113900
13.868700
19.056700
10.707600
4.879500
RT 50
48.135900
53.465700
34.582400
38.148200
79.180800
191.431600
201.207500
202.228200
72.194200
43.596400
38.551400
82.540700
173.921800
176.396800
47.262000
29.699800
72.060800
96.270400
201.762500
211.320200
49.810800
46.416900
30.854900
72.321500
85.649800
212.352800
197.529800
189.555700
47.911200
29.599800
85.074600
176.759000
177.841000
52.928900
34.466000
37.430200
81.081900
96.522900
191.928500
71.899700
47.699700
29.812400
36.217000
80.301500
186.773500
195.794000
71.022400
32.498900
103.272600
188.898900
PEF 50
3.904400
4.179600
5.094300
5.208700
5.206500
5.224400
5.085100
4.939600
4.706700
4.209400
5.116400
4.974000
5.463300
5.029400
4.635100
5.269100
5.303600
5.198400
5.423100
5.343400
4.439200
4.767900
4.996800
5.006200
5.258300
5.566000
5.046700
5.117900
4.726800
5.029700
5.332200
5.085100
5.103600
4.311200
5.027100
5.159600
4.774400
5.008200
5.199000
4.192500
4.327000
4.849700
5.309600
5.090300
5.257100
4.890200
4.823200
5.192200
5.138300
5.411900
1
FACIES 32
5 0 1
4 1 1
3 3 1
2 5 2
5 7 1
4 9 1
3 10 1
2 11 1
5 13 1
4 14 1
3 15 1
2 17 2
5 19 1
4 21 1
3 22 1
2 24 2
5 27 1
4 28 1
3 29 1
2 30 1
5 32 1
4 33 1
3 35 1
2 37 1
5 38 1
4 40 1
3 42 1
2 43 2
5 45 1
4 46 1
3 47 1
2 48 1
CARB-16
50
8000.000000 0.000000 0.000000 24.791667
6
GR 50
47.256000
20.938300
11.011700
23.610500
26.654000
50.583300
20.469200
14.830300
12.242700
24.544600
29.091200
47.299400
18.630900
11.055800
12.878500
25.501900
28.863900
50.689600
14.843400
10.030600
23.471300
24.419800
25.899300
43.048300
14.310300
24.873200
26.227000
28.538100
51.018800
20.214800
13.954100
10.254600
12.204300
25.141900
24.910400
44.057600
43.542800
14.833800
9.318000
23.157000
48.163400
43.687500
15.596100
10.183800
21.531900
24.555500
25.015700
25.509900
26.043500
24.347500
DEN 50
2.332200
2.507000
2.546700
2.559000
2.605300
2.598600
2.577700
2.500900
2.420400
2.675400
2.581500
2.583400
2.461400
2.465000
2.370300
2.575100
2.702600
2.592500
2.457900
2.543300
2.593400
2.498100
2.628400
2.581300
2.333600
2.679300
2.386800
2.655300
2.409900
2.525000
2.367300
2.280700
2.545600
2.662500
2.637100
2.621600
2.619100
2.558100
2.379200
2.535500
2.622400
2.544300
2.434700
2.361600
2.635600
2.622400
2.564200
2.617800
2.537800
2.609300
SON 50
63.134200
62.928800
58.778400
57.099600
61.729900
66.190900
61.487000
60.488000
65.929600
59.708400
64.197500
69.178000
64.169200
65.974700
62.091700
62.992900
61.140500
73.912300
57.320200
65.485400
61.666800
59.100000
61.638300
67.841100
57.296800
59.933300
59.113200
61.061200
70.014200
64.571200
57.469400
63.479000
66.658600
61.514200
60.705900
67.482500
70.735200
57.851600
61.658600
58.018500
69.555000
66.928800
59.365600
65.525800
55.567500
60.438700
58.812400
62.813000
60.595100
60.745100
NEU 50
8.365400
12.784500
18.789200
12.749400
12.285300
10.442600
13.252300
16.320200
19.379200
12.866300
11.277400
10.344600
13.405300
19.589400
19.073500
11.401400
11.666600
9.824500
14.606000
18.081000
12.890100
12.869600
12.033500
10.900000
15.832900
12.774100
12.021200
11.484000
10.075800
14.426700
16.266900
20.555000
19.150500
11.593000
12.243600
10.321600
10.825500
15.037500
19.236400
12.655100
10.749100
11.037000
15.349600
19.845400
13.112800
11.441800
11.449700
12.283500
12.194900
12.105400
RT 50
37.333800
49.888600
35.446600
73.574800
83.414800
41.448300
49.615200
45.816200
37.380000
80.560700
68.286900
42.091500
48.362800
32.768500
36.657000
73.729400
74.821500
40.641700
49.261100
30.338100
75.716300
79.961300
86.029500
40.376100
45.684400
71.319800
79.617200
75.528600
41.504800
50.150400
48.332500
29.965500
39.013200
78.352200
78.139800
47.226000
41.437100
49.277300
28.060700
73.489000
47.398000
42.138400
48.361600
31.507400
75.266200
86.022200
82.834400
78.165600
75.333700
72.953900
PEF 50
4.163800
4.669800
5.170800
4.881800
4.571300
4.875100
4.386900
4.625500
4.543900
5.161000
5.054400
4.878400
4.537800
5.212600
5.034500
4.952800
4.704700
4.552800
4.855000
4.843000
5.176600
5.336900
5.073700
4.511600
4.271200
4.928800
5.126100
4.996900
4.710700
4.570900
4.656000
5.207300
4.745900
5.444300
4.949400
4.927200
4.597300
4.576100
5.221300
5.371700
4.665100
4.707300
4.472200
5.026100
5.017000
5.001000
5.356400
5.020000
5.039400
4.850100
1
FACIES 32
6 0 1
5 0 1
4 1 1
3 2 2
6 4 1
5 5 1
4 7 1
3 8 2
6 10 1
5 11 1
4 12 1
3 14 2
6 16 1
5 17 1
4 18 1
3 20 2
6 22 1
5 23 1
4 24 1
3 25 2
6 27 1
5 28 1
4 30 1
3 32 2
6 35 1
5 36 1
4 37 1
3 38 1
6 40 1
5 41 1
4 42 1
3 43 6
CARB-19
50
9500.000000 0.000000 0.000000 24.791667
6
GR 50
64.305900
67.037800
48.542800
15.788700
10.929100
10.050300
62.067000
70.504400
54.118700
42.671100
14.930700
11.034600
9.932800
20.222600
69.011000
49.687700
21.115500
14.527300
19.776100
70.148100
49.027100
19.621200
14.805800
18.366000
72.920800
50.745900
49.502100
18.766100
14.786300
9.700000
9.451700
65.240900
53.086600
14.030700
9.885400
18.631000
69.066500
50.232100
20.632300
14.979000
9.654300
10.000000
60.793000
65.066300
52.250500
20.654200
15.795800
10.351400
10.486400
9.782700
DEN 50
2.072800
2.490200
2.672600
2.469100
2.546700
2.557700
2.478700
2.373000
2.502000
2.428400
2.539600
2.472000
2.396100
2.368900
2.626800
2.430700
2.506900
2.383300
2.307800
2.574500
2.606500
2.540000
2.425900
2.414000
2.441200
2.633000
2.442300
2.473600
2.495000
2.565000
2.394100
2.427600
2.570200
2.303100
2.289500
2.386600
2.197200
2.617400
2.523800
2.373900
2.348700
2.435900
2.427800
2.588900
2.625400
2.449100
2.430500
2.389600
2.351100
2.363900
SON 50
69.071300
84.771300
72.546900
58.313800
66.852900
68.636400
81.359600
78.134800
65.178500
70.388000
55.006200
62.022500
68.173000
69.463000
80.580500
71.072300
57.639000
58.316100
66.711000
80.304500
65.608200
59.933100
63.396500
69.637300
82.683900
73.896300
70.665200
60.247500
60.530100
68.885000
68.192900
81.522300
73.496900
59.150900
68.258100
70.197400
84.231900
74.167200
58.222200
56.738900
66.189300
65.203700
76.111400
73.746700
72.970700
57.917500
55.471300
64.568200
66.500600
64.879100
NEU 50
6.735400
8.696600
9.997200
15.436100
19.595900
19.126000
9.536300
8.298300
9.267700
10.852800
15.481200
18.502100
19.717800
18.034300
8.534600
10.528600
13.868300
15.101100
18.173500
7.826300
9.840600
13.930000
15.626100
18.050100
7.895000
10.359900
10.141800
14.050900
15.748700
20.020400
20.269400
10.220300
9.500200
16.005900
21.541900
18.501400
7.849900
10.042900
13.941700
15.773100
19.554200
18.811800
9.387200
8.153500
10.456300
14.348500
15.002300
18.839700
20.675000
20.129400
RT 50
16.842200
23.857400
40.333400
47.606200
33.408000
30.615500
21.268900
18.738500
41.906600
43.651500
53.453100
32.998000
30.410100
28.184800
19.054500
41.383600
50.838000
46.813900
27.569200
19.501700
41.954500
43.374100
46.558100
26.549400
21.347400
34.766500
40.578600
49.094900
47.211600
29.942500
31.257100
22.027100
36.978100
46.735000
29.904700
28.594500
19.785600
37.984400
48.920700
49.661900
29.490200
31.048700
21.017200
23.862100
39.285000
48.200500
47.489500
32.523500
30.519400
30.890600
PEF 50
3.304400
4.164300
4.904400
4.431700
5.124700
4.944800
3.949500
4.092200
4.838300
4.613100
4.562100
5.148400
5.049300
4.881100
3.808600
4.928700
4.376600
4.678600
4.967100
3.940000
4.681800
4.515800
4.326400
4.596100
4.145600
4.653900
4.867700
4.546200
4.611900
5.258200
5.078600
4.203600
4.789100
4.794400
4.970700
5.167800
3.946600
4.688000
4.634700
4.925200
5.281500
5.233500
4.063000
4.089000
4.605800
4.554700
4.534900
5.271000
5.057600
5.051800
1
FACIES 32
7 0 1
6 1 1
5 2 1
4 3 2
7 5 1
6 7 1
5 9 1
4 10 2
7 13 1
6 14 1
5 15 1
4 17 1
7 18 1
6 19 1
5 20 1
4 22 1
7 23 1
6 25 1
5 26 1
4 28 2
7 30 1
6 31 1
5 32 1
4 33 2
7 35 1
6 36 1
5 37 1
4 39 2
7 41 1
6 43 1
5 45 1
4 46 3
END
