WellIds: 0 1
Node 0 ( 0 0 )
Node 1 ( 1 0 )
  -> 0 (0.25)
Node 2 ( 1 1 )
  -> 0 (0.220408)
Node 3 ( 2 0 )
  -> 1 (0.25)
Node 4 ( 2 1 )
  -> 2 (0.253401)
Node 5 ( 3 0 )
  -> 3 (0.25)
Node 6 ( 3 1 )
  -> 3 (0.303401)
  -> 4 (0.256803)
Node 7 ( 4 0 )
  -> 5 (0.25)
Node 8 ( 3 2 )
  -> 4 (0.22381)
Node 9 ( 4 1 )
  -> 6 (0.253401)
  -> 5 (0.220408)
Node 10 ( 5 0 )
  -> 7 (0.25)
Node 11 ( 4 2 )
  -> 8 (0.256803)
  -> 6 (0.163265)
Node 12 ( 5 1 )
  -> 9 (0.253401)
Node 13 ( 6 0 )
  -> 10 (0.25)
Node 14 ( 5 2 )
  -> 11 (0.256803)
Node 15 ( 6 1 )
  -> 12 (0.253401)
Node 16 ( 7 0 )
  -> 13 (0.25)
Node 17 ( 6 2 )
  -> 12 (0.227211)
  -> 14 (0.253401)
Node 18 ( 7 1 )
  -> 15 (0.253401)
Node 19 ( 8 0 )
  -> 16 (0.25)
Node 20 ( 7 2 )
  -> 17 (0.253401)
Node 21 ( 8 1 )
  -> 18 (0.256803)
Node 22 ( 9 0 )
  -> 19 (0.25)
Node 23 ( 8 2 )
  -> 18 (0.22381)
  -> 20 (0.25)
Node 24 ( 9 1 )
  -> 21 (0.253401)
  -> 19 (0.220408)
Node 25 ( 10 0 )
  -> 22 (0.25)
Node 26 ( 9 2 )
  -> 23 (0.253401)
  -> 21 (0.159864)
Node 27 ( 10 1 )
  -> 24 (0.253401)
Node 28 ( 9 3 )
  -> 23 (0.220408)
Node 29 ( 10 2 )
  -> 24 (0.220408)
  -> 26 (0.253401)
Node 30 ( 11 1 )
  -> 27 (0.256803)
  -> 25 (0.22381)
Node 31 ( 10 3 )
  -> 26 (0.310204)
  -> 28 (0.256803)
Node 32 ( 11 2 )
  -> 27 (0.156463)
Node 33 ( 10 4 )
  -> 28 (0.153061)
Node 34 ( 11 3 )
  -> 31 (0.263605)
  -> 29 (0.227211)
Node 35 ( 12 2 )
  -> 32 (0.25)
  -> 30 (0.101361)
Node 36 ( 11 4 )
  -> 33 (0.25)
  -> 31 (0.104762)
Node 37 ( 11 5 )
  -> 33 (0.220408)
Node 38 ( 12 4 )
  -> 36 (0.25)
  -> 34 (0.0619048)
Node 39 ( 13 3 )
  -> 35 (0.0244898)
Node 40 ( 12 5 )
  -> 36 (0.153061)
Node 41 ( 14 3 )
  -> 39 (0.25)
Node 42 ( 12 6 )
  -> 37 (0.220408)
Node 43 ( 13 5 )
  -> 38 (0.0414966)
Node 44 ( 14 4 )
  -> 39 (0.159864)
Node 45 ( 15 3 )
  -> 41 (0.256803)
Node 46 ( 13 6 )
  -> 40 (0.0721088)
Node 47 ( 14 5 )
  -> 43 (0.270408)
Node 48 ( 15 4 )
  -> 41 (0.220408)
  -> 44 (0.256803)
Node 49 ( 16 3 )
  -> 45 (0.263605)
Node 50 ( 13 7 )
  -> 42 (0.114966)
Node 51 ( 14 6 )
  -> 46 (0.270408)
Node 52 ( 15 5 )
  -> 47 (0.253401)
Node 53 ( 16 4 )
  -> 45 (0.159864)
  -> 48 (0.25)
Node 54 ( 14 7 )
  -> 50 (0.270408)
Node 55 ( 15 6 )
  -> 51 (0.253401)
Node 56 ( 16 5 )
  -> 52 (0.25)
Node 57 ( 17 4 )
  -> 49 (0.104762)
Node 58 ( 15 7 )
  -> 54 (0.253401)
Node 59 ( 16 6 )
  -> 55 (0.25)
Node 60 ( 17 5 )
  -> 56 (0.25)
  -> 53 (0.220408)
Node 61 ( 16 7 )
  -> 58 (0.25)
Node 62 ( 17 6 )
  -> 56 (0.3)
  -> 59 (0.25)
Node 63 ( 18 5 )
  -> 57 (0.153061)
Node 64 ( 17 7 )
  -> 61 (0.25)
Node 65 ( 18 6 )
  -> 62 (0.25)
  -> 60 (0.220408)
Node 66 ( 18 7 )
  -> 64 (0.25)
  -> 62 (0.3)
Node 67 ( 19 6 )
  -> 63 (0.153061)
Node 68 ( 19 7 )
  -> 65 (0.220408)
Node 69 ( 19 8 )
  -> 66 (0.3)
Node 70 ( 20 7 )
  -> 67 (0.101361)
Node 71 ( 19 9 )
  -> 69 (0.263605)
Node 72 ( 20 8 )
  -> 70 (0.260204)
  -> 68 (0.159864)
Node 73 ( 20 9 )
  -> 69 (0.3)
  -> 72 (0.256803)
Node 74 ( 21 8 )
  -> 70 (0.237415)
Node 75 ( 20 10 )
  -> 71 (0.170068)
Node 76 ( 21 9 )
  -> 74 (0.263605)
Node 77 ( 21 10 )
  -> 76 (0.256803)
  -> 73 (0.227211)
Node 78 ( 21 11 )
  -> 77 (0.263605)
  -> 75 (0.310204)
Node 79 ( 21 12 )
  -> 78 (0.256803)
Node 80 ( 22 13 )
  -> 79 (0.153061)
Node 81 ( 22 14 )
  -> 80 (0.25)
Node 82 ( 22 15 )
  -> 81 (0.263605)
Node 83 ( 23 14 )
  -> 80 (0.3)
Node 84 ( 23 15 )
  -> 83 (0.256803)
Node 85 ( 23 16 )
  -> 84 (0.256803)
  -> 82 (0.234014)
Node 86 ( 23 17 )
  -> 85 (0.260204)
Node 87 ( 24 16 )
  -> 84 (0.170068)
Node 88 ( 24 17 )
  -> 87 (0.260204)
  -> 85 (0.220408)
Node 89 ( 24 18 )
  -> 86 (0.0755102)
Node 90 ( 25 18 )
  -> 88 (0.220408)
Node 91 ( 25 19 )
  -> 90 (0.25)
  -> 89 (0.310204)
