WeCo WellList 2
8

W0
91
0.00000 0.00000 0.00000 1.00000
4
DEPTH 91
0.00000
1.00000
2.00000
3.00000
4.00000
5.00000
6.00000
7.00000
8.00000
9.00000
10.00000
11.00000
12.00000
13.00000
14.00000
15.00000
16.00000
17.00000
18.00000
19.00000
20.00000
21.00000
22.00000
23.00000
24.00000
25.00000
26.00000
27.00000
28.00000
29.00000
30.00000
31.00000
32.00000
33.00000
34.00000
35.00000
36.00000
37.00000
38.00000
39.00000
40.00000
41.00000
42.00000
43.00000
44.00000
45.00000
46.00000
47.00000
48.00000
49.00000
50.00000
51.00000
52.00000
53.00000
54.00000
55.00000
56.00000
57.00000
58.00000
59.00000
60.00000
61.00000
62.00000
63.00000
64.00000
65.00000
66.00000
67.00000
68.00000
69.00000
70.00000
71.00000
72.00000
73.00000
74.00000
75.00000
76.00000
77.00000
78.00000
79.00000
80.00000
81.00000
82.00000
83.00000
84.00000
85.00000
86.00000
87.00000
88.00000
89.00000
90.00000
GR 91
112.87547
123.04904
110.04545
94.35130
109.05649
94.25132
122.05520
97.10513
101.14675
101.57799
133.54966
80.35209
92.94895
106.71067
83.02083
98.93639
107.22044
118.10061
100.47404
131.91906
81.07408
105.55200
88.72295
91.55652
78.44986
73.04777
72.00945
51.40918
88.86657
108.19991
118.64616
106.72451
86.83681
78.70138
88.58725
91.30212
110.12555
65.80377
63.15407
62.34963
45.62404
57.02863
131.41285
93.17478
118.16242
91.75073
130.94116
77.18831
80.36706
59.74735
59.46184
54.21907
39.82384
21.41079
67.79858
93.55317
105.49379
115.13716
87.55300
97.87985
118.50803
114.91320
98.29822
88.41485
55.86900
47.68437
61.91805
57.70475
9.29759
20.93662
50.82264
22.18997
34.45739
96.86492
110.82517
111.65165
94.34811
84.36727
81.87649
92.07201
47.97023
38.52728
44.45143
43.25493
62.20177
48.88273
36.12648
24.80335
33.65846
32.22108
19.34130
DEN 91
2.44840
2.41196
2.47735
2.52518
2.53509
2.50475
2.48800
2.53890
2.47591
2.48064
2.43968
2.49080
2.41799
2.49716
2.47161
2.50357
2.46338
2.43171
2.46444
2.45537
2.47660
2.49556
2.43688
2.39622
2.48486
2.33864
2.34453
2.34185
2.50948
2.50923
2.48606
2.42251
2.45011
2.44109
2.49688
2.41250
2.37363
2.33029
2.33353
2.44009
2.36896
2.30340
2.44245
2.47441
2.48111
2.50254
2.60569
2.35340
2.43923
2.41330
2.30822
2.35731
2.30931
2.23140
2.23714
2.52726
2.48837
2.47180
2.49690
2.45407
2.47097
2.48144
2.39878
2.44618
2.43307
2.39217
2.35183
2.27362
2.26805
2.23487
2.21694
2.19689
2.26350
2.48105
2.44662
2.59070
2.47850
2.47578
2.42729
2.40688
2.35529
2.46646
2.45185
2.34159
2.23053
2.28739
2.21500
2.21929
2.25051
2.21213
2.22266
NPHI 91
0.34002
0.25791
0.30933
0.34111
0.32870
0.27164
0.30261
0.30382
0.33129
0.30723
0.26951
0.33516
0.25702
0.31173
0.29467
0.29894
0.30156
0.29721
0.29899
0.34873
0.31651
0.32173
0.32432
0.24467
0.29570
0.23634
0.24827
0.21473
0.29122
0.32786
0.29307
0.25212
0.32599
0.34197
0.25266
0.27644
0.30738
0.17216
0.23931
0.22043
0.23880
0.18071
0.28441
0.25493
0.25117
0.34353
0.30658
0.30071
0.26552
0.23628
0.16301
0.30072
0.15502
0.14824
0.19515
0.32540
0.28381
0.26098
0.37316
0.30143
0.27356
0.35143
0.23527
0.22282
0.18572
0.21422
0.24350
0.18932
0.14470
0.15998
0.17092
0.17008
0.13536
0.31970
0.31362
0.38507
0.25146
0.33823
0.20411
0.26882
0.15969
0.17850
0.34620
0.24366
0.16264
0.15872
0.16285
0.12334
0.14466
0.14000
0.13708
1
FACIES 23
5 0 9
1 9 8
5 17 4
1 21 4
2 25 3
5 28 5
1 33 4
2 37 4
3 41 1
5 42 4
1 46 3
2 49 3
3 52 3
5 55 4
1 59 4
2 63 4
3 67 4
4 71 2
5 73 4
1 77 3
2 80 4
3 84 3
4 87 4

W1
87
400.00000 0.00000 0.00000 1.00000
4
DEPTH 87
0.00000
1.00000
2.00000
3.00000
4.00000
5.00000
6.00000
7.00000
8.00000
9.00000
10.00000
11.00000
12.00000
13.00000
14.00000
15.00000
16.00000
17.00000
18.00000
19.00000
20.00000
21.00000
22.00000
23.00000
24.00000
25.00000
26.00000
27.00000
28.00000
29.00000
30.00000
31.00000
32.00000
33.00000
34.00000
35.00000
36.00000
37.00000
38.00000
39.00000
40.00000
41.00000
42.00000
43.00000
44.00000
45.00000
46.00000
47.00000
48.00000
49.00000
50.00000
51.00000
52.00000
53.00000
54.00000
55.00000
56.00000
57.00000
58.00000
59.00000
60.00000
61.00000
62.00000
63.00000
64.00000
65.00000
66.00000
67.00000
68.00000
69.00000
70.00000
71.00000
72.00000
73.00000
74.00000
75.00000
76.00000
77.00000
78.00000
79.00000
80.00000
81.00000
82.00000
83.00000
84.00000
85.00000
86.00000
GR 87
141.49069
95.79108
112.20399
122.83902
100.45560
103.32526
110.44100
104.21040
102.04937
135.63760
102.74360
88.97979
126.18161
126.39082
89.66172
112.81251
91.56828
127.77163
93.79484
122.20211
91.78052
97.26176
117.74018
109.15254
74.98819
66.53130
110.23851
114.23249
99.86618
92.25459
45.06342
50.10259
121.51016
121.70870
145.24245
133.66807
128.95281
66.17700
104.43538
53.41814
103.26894
108.68240
50.72523
75.12846
57.74658
30.11103
24.66214
103.44185
129.24298
109.47403
68.35034
109.46453
102.07089
59.90261
52.31999
51.53147
42.60127
33.20099
102.69619
105.90180
141.23169
125.21984
94.53447
66.38779
86.74384
79.69589
55.48675
71.90674
22.01286
41.12312
46.13088
95.52828
118.64936
103.42002
122.96875
59.16538
111.11333
41.63848
68.95815
37.02467
60.62239
72.69322
60.80512
56.70098
31.80450
31.09875
16.70653
DEN 87
2.55293
2.44550
2.50921
2.50818
2.50055
2.48586
2.54886
2.49706
2.41973
2.42865
2.48755
2.52500
2.51887
2.48195
2.46333
2.40108
2.51856
2.49654
2.40140
2.49188
2.49131
2.50248
2.39835
2.50656
2.46636
2.53380
2.43145
2.47164
2.41683
2.47917
2.35375
2.31889
2.49046
2.52367
2.48179
2.47169
2.42591
2.42029
2.47381
2.46272
2.49510
2.47146
2.35102
2.34031
2.35412
2.29518
2.32609
2.49791
2.48723
2.45650
2.41559
2.54604
2.40797
2.26845
2.33330
2.38139
2.28448
2.21093
2.53458
2.50395
2.49278
2.45617
2.47570
2.35635
2.44534
2.31190
2.34578
2.34304
2.27025
2.32733
2.26773
2.50721
2.53341
2.50816
2.41674
2.38525
2.42403
2.43283
2.33202
2.34513
2.39954
2.32558
2.23119
2.26235
2.32820
2.27259
2.19206
NPHI 87
0.32543
0.35765
0.24022
0.26558
0.31210
0.29992
0.20733
0.32184
0.32312
0.34455
0.26788
0.31331
0.30756
0.32312
0.26210
0.32129
0.32003
0.22712
0.26927
0.26204
0.26134
0.35621
0.32217
0.37465
0.33364
0.30473
0.32255
0.29938
0.28410
0.32999
0.28926
0.23809
0.36316
0.33216
0.22986
0.31432
0.25993
0.30759
0.23349
0.27113
0.29553
0.31120
0.23787
0.25085
0.26318
0.17071
0.25998
0.35357
0.36414
0.28622
0.27568
0.23471
0.30899
0.26713
0.18721
0.22243
0.20962
0.20202
0.32534
0.38804
0.31641
0.32332
0.25667
0.24530
0.36749
0.24391
0.23741
0.27255
0.24793
0.17275
0.16489
0.27594
0.32466
0.29765
0.29658
0.34455
0.22990
0.38682
0.24860
0.23398
0.24379
0.26591
0.14337
0.21211
0.17394
0.12915
0.15357
1
FACIES 21
5 0 11
1 11 9
5 20 5
1 25 5
2 30 2
5 32 5
1 37 5
2 42 5
5 47 3
1 50 3
2 53 3
3 56 2
5 58 4
1 62 3
2 65 3
3 68 3
5 71 4
1 75 3
2 78 4
3 82 3
4 85 2

W2
87
800.00000 0.00000 0.00000 1.00000
4
DEPTH 87
0.00000
1.00000
2.00000
3.00000
4.00000
5.00000
6.00000
7.00000
8.00000
9.00000
10.00000
11.00000
12.00000
13.00000
14.00000
15.00000
16.00000
17.00000
18.00000
19.00000
20.00000
21.00000
22.00000
23.00000
24.00000
25.00000
26.00000
27.00000
28.00000
29.00000
30.00000
31.00000
32.00000
33.00000
34.00000
35.00000
36.00000
37.00000
38.00000
39.00000
40.00000
41.00000
42.00000
43.00000
44.00000
45.00000
46.00000
47.00000
48.00000
49.00000
50.00000
51.00000
52.00000
53.00000
54.00000
55.00000
56.00000
57.00000
58.00000
59.00000
60.00000
61.00000
62.00000
63.00000
64.00000
65.00000
66.00000
67.00000
68.00000
69.00000
70.00000
71.00000
72.00000
73.00000
74.00000
75.00000
76.00000
77.00000
78.00000
79.00000
80.00000
81.00000
82.00000
83.00000
84.00000
85.00000
86.00000
GR 87
82.94785
126.36500
81.01651
105.13237
111.25421
118.60266
112.74269
89.47250
72.59951
101.01731
111.20332
97.55334
84.82996
93.60488
129.37898
113.81527
103.29954
130.95134
99.23807
99.48265
71.94075
109.62682
104.27739
51.95860
120.20682
116.60855
85.22025
87.47785
98.17637
108.51372
115.53818
119.52757
123.99687
60.13692
91.58137
104.44113
131.94833
59.72795
64.63025
59.21324
71.39615
110.83834
80.92860
102.52254
82.14947
66.96409
82.15025
101.28831
101.97866
106.25153
87.16267
85.97399
67.02524
25.97156
24.87430
58.78233
23.56861
92.38466
104.45542
119.22662
104.62896
107.34348
93.26878
68.06050
66.52139
44.08743
70.77982
64.52991
15.32179
54.62815
109.58456
116.26076
108.18322
140.78009
93.26639
102.96582
108.32026
62.89500
71.96286
83.74753
62.19285
68.35186
37.28324
50.51899
38.61897
35.88527
45.15711
DEN 87
2.51550
2.39423
2.45695
2.47986
2.44966
2.50540
2.57140
2.42232
2.41556
2.46256
2.49697
2.51194
2.48728
2.49759
2.53992
2.39360
2.44711
2.40117
2.54056
2.55106
2.43882
2.47208
2.43112
2.32817
2.50792
2.44863
2.50785
2.51855
2.54805
2.50076
2.46866
2.40797
2.58747
2.44448
2.40433
2.38528
2.46860
2.39076
2.34048
2.44339
2.37597
2.53850
2.48930
2.48674
2.50928
2.52139
2.39416
2.57913
2.45165
2.52259
2.43604
2.33706
2.34771
2.31866
2.31182
2.41565
2.26772
2.45358
2.51590
2.44860
2.44136
2.44245
2.51640
2.41386
2.39837
2.38239
2.35062
2.39889
2.18011
2.22918
2.52723
2.47513
2.47803
2.56141
2.52420
2.52248
2.49185
2.46418
2.54409
2.37276
2.37014
2.36302
2.26681
2.27046
2.26188
2.24016
2.28565
NPHI 87
0.28845
0.27854
0.31991
0.30363
0.33827
0.33226
0.30652
0.24871
0.28717
0.25938
0.28361
0.31752
0.32048
0.25181
0.29990
0.26375
0.33858
0.25650
0.24111
0.22393
0.26918
0.21900
0.34098
0.25165
0.24258
0.31941
0.27774
0.31967
0.29237
0.28521
0.29353
0.19349
0.27379
0.27855
0.31318
0.31797
0.27651
0.16077
0.30391
0.18585
0.19524
0.29705
0.27390
0.24177
0.28909
0.32089
0.32343
0.30681
0.32267
0.26915
0.32163
0.21301
0.26808
0.19870
0.19339
0.22020
0.20148
0.33234
0.30945
0.30952
0.24746
0.24911
0.19877
0.34845
0.18439
0.23233
0.24113
0.26228
0.20005
0.11420
0.38190
0.27427
0.26940
0.35544
0.33559
0.31541
0.30363
0.26775
0.35916
0.28403
0.18626
0.17789
0.22393
0.17746
0.13753
0.13249
0.11640
1
FACIES 20
5 0 7
1 7 4
5 11 6
1 17 6
2 23 1
5 24 7
1 31 6
2 37 4
5 41 5
1 46 5
2 51 5
3 56 1
5 57 4
1 61 3
2 64 4
3 68 2
5 70 5
1 75 4
2 79 3
3 82 5

W3
94
1200.00000 0.00000 0.00000 1.00000
4
DEPTH 94
0.00000
1.00000
2.00000
3.00000
4.00000
5.00000
6.00000
7.00000
8.00000
9.00000
10.00000
11.00000
12.00000
13.00000
14.00000
15.00000
16.00000
17.00000
18.00000
19.00000
20.00000
21.00000
22.00000
23.00000
24.00000
25.00000
26.00000
27.00000
28.00000
29.00000
30.00000
31.00000
32.00000
33.00000
34.00000
35.00000
36.00000
37.00000
38.00000
39.00000
40.00000
41.00000
42.00000
43.00000
44.00000
45.00000
46.00000
47.00000
48.00000
49.00000
50.00000
51.00000
52.00000
53.00000
54.00000
55.00000
56.00000
57.00000
58.00000
59.00000
60.00000
61.00000
62.00000
63.00000
64.00000
65.00000
66.00000
67.00000
68.00000
69.00000
70.00000
71.00000
72.00000
73.00000
74.00000
75.00000
76.00000
77.00000
78.00000
79.00000
80.00000
81.00000
82.00000
83.00000
84.00000
85.00000
86.00000
87.00000
88.00000
89.00000
90.00000
91.00000
92.00000
93.00000
GR 94
106.03705
124.41339
90.66082
128.59730
88.09271
104.76667
99.93668
101.56812
89.76914
89.40673
108.46576
127.42704
132.98301
81.44795
120.69474
129.29108
93.32062
152.21937
112.44196
122.53762
108.22376
77.00853
84.92321
96.90390
101.48890
100.01956
96.13404
94.77825
94.49632
75.00011
112.62267
67.97280
99.07634
103.01206
94.20291
114.23507
133.41242
104.39310
90.78008
105.00048
115.83514
119.54172
79.39391
92.00916
102.44826
95.10830
124.65309
43.58617
75.85550
115.85227
102.30883
114.12617
115.22830
96.60637
143.88672
133.86999
93.02491
90.39502
95.62301
99.01620
76.25142
69.49684
37.50856
67.99018
67.29664
75.92889
83.03693
120.26917
121.18005
101.36843
113.44336
120.09997
120.96149
76.18921
90.07069
101.11776
71.85815
27.11664
78.72852
53.99422
37.98050
120.89086
123.58231
95.80282
116.68151
72.64840
139.01234
97.69716
69.11563
54.69646
61.03597
85.12202
22.39536
25.21971
DEN 94
2.52983
2.49156
2.50378
2.53400
2.47724
2.46688
2.46488
2.49976
2.47075
2.40533
2.49124
2.38309
2.44489
2.41528
2.55187
2.46178
2.46655
2.50256
2.44191
2.49124
2.50346
2.51666
2.48766
2.52324
2.46661
2.40961
2.36540
2.44895
2.47128
2.40140
2.53980
2.42184
2.47366
2.53197
2.50916
2.49410
2.46511
2.43892
2.45993
2.42889
2.53182
2.36596
2.46596
2.55411
2.44839
2.48242
2.47548
2.35561
2.37058
2.53801
2.50343
2.34406
2.50910
2.54482
2.48992
2.49524
2.45822
2.42289
2.44586
2.49084
2.51523
2.48219
2.37147
2.39160
2.34487
2.43396
2.35451
2.49485
2.48763
2.51536
2.51680
2.50515
2.43496
2.40895
2.44316
2.47580
2.25460
2.36180
2.41938
2.38426
2.30945
2.51710
2.51794
2.45563
2.45177
2.44980
2.39113
2.48056
2.35232
2.41661
2.30640
2.35613
2.26083
2.27907
NPHI 94
0.35237
0.27620
0.32517
0.30471
0.31869
0.32012
0.32246
0.32093
0.36751
0.23553
0.30530
0.32584
0.29481
0.27695
0.27656
0.36015
0.30462
0.26171
0.27041
0.32114
0.32700
0.27072
0.31336
0.25631
0.30814
0.31897
0.21166
0.28586
0.32791
0.24627
0.29275
0.27668
0.31154
0.28296
0.24857
0.30410
0.39241
0.31280
0.32588
0.32950
0.31118
0.27728
0.26714
0.28321
0.29303
0.33661
0.31358
0.26761
0.26546
0.32157
0.19278
0.24106
0.26350
0.29064
0.32632
0.26991
0.23541
0.32697
0.28575
0.25001
0.27351
0.30853
0.25942
0.17383
0.21069
0.30177
0.24411
0.31523
0.28083
0.31012
0.29501
0.26061
0.22380
0.29209
0.31479
0.30639
0.21542
0.22981
0.23811
0.20888
0.15327
0.27181
0.31408
0.28849
0.32750
0.29439
0.34888
0.29473
0.28816
0.20423
0.24820
0.22212
0.12222
0.20957
1
FACIES 18
5 0 13
1 13 6
5 19 6
1 25 5
5 30 9
1 39 8
2 47 2
5 49 7
1 56 6
2 62 5
5 67 5
1 72 4
2 76 4
3 80 1
5 81 4
1 85 3
2 88 4
3 92 2

W4
94
1600.00000 0.00000 0.00000 1.00000
4
DEPTH 94
0.00000
1.00000
2.00000
3.00000
4.00000
5.00000
6.00000
7.00000
8.00000
9.00000
10.00000
11.00000
12.00000
13.00000
14.00000
15.00000
16.00000
17.00000
18.00000
19.00000
20.00000
21.00000
22.00000
23.00000
24.00000
25.00000
26.00000
27.00000
28.00000
29.00000
30.00000
31.00000
32.00000
33.00000
34.00000
35.00000
36.00000
37.00000
38.00000
39.00000
40.00000
41.00000
42.00000
43.00000
44.00000
45.00000
46.00000
47.00000
48.00000
49.00000
50.00000
51.00000
52.00000
53.00000
54.00000
55.00000
56.00000
57.00000
58.00000
59.00000
60.00000
61.00000
62.00000
63.00000
64.00000
65.00000
66.00000
67.00000
68.00000
69.00000
70.00000
71.00000
72.00000
73.00000
74.00000
75.00000
76.00000
77.00000
78.00000
79.00000
80.00000
81.00000
82.00000
83.00000
84.00000
85.00000
86.00000
87.00000
88.00000
89.00000
90.00000
91.00000
92.00000
93.00000
GR 94
167.13816
128.65629
125.92875
104.02836
120.84950
136.92398
143.39439
139.60495
134.21149
108.53993
113.08101
147.31097
121.39344
142.00521
110.17059
113.75280
90.13721
90.60987
90.26468
92.03112
125.55842
150.78193
116.85244
132.09631
140.45293
129.08968
126.65920
88.23692
119.55109
77.26716
127.43136
74.31433
77.03866
81.28446
131.26208
112.99682
104.35419
134.19448
140.11266
154.00690
78.32240
71.19426
93.15686
82.17793
100.35520
91.65278
104.32986
107.06962
144.35846
111.48655
116.35029
85.10805
96.55710
95.47854
122.93384
125.30455
63.08779
59.25497
147.75189
114.11913
124.42193
139.99004
118.29264
112.45914
133.90332
88.25100
95.42040
101.54657
55.92892
96.08843
94.58179
98.05472
27.93283
36.79009
46.55438
71.82833
22.30866
83.33009
137.06855
133.48191
130.64067
113.59237
101.55673
100.27281
108.35652
110.77778
128.47091
143.79342
68.84474
45.48165
50.28343
57.95390
67.64204
32.73303
DEN 94
2.49654
2.51395
2.52442
2.45825
2.49616
2.52721
2.58317
2.56968
2.54393
2.54803
2.57214
2.50913
2.52408
2.50555
2.53801
2.51057
2.54857
2.35513
2.42571
2.52442
2.51645
2.42722
2.52058
2.50463
2.52736
2.49754
2.52005
2.46329
2.50982
2.41696
2.43941
2.36459
2.45576
2.46743
2.46718
2.54531
2.50735
2.51436
2.50973
2.59842
2.53425
2.43569
2.42747
2.41602
2.50434
2.42432
2.44758
2.57300
2.53644
2.54096
2.54238
2.40386
2.47635
2.48853
2.52385
2.43345
2.33939
2.28203
2.48812
2.49486
2.58959
2.52390
2.51802
2.54648
2.58148
2.47865
2.43001
2.44910
2.35929
2.47252
2.56018
2.43805
2.37288
2.32693
2.36267
2.39769
2.31018
2.50610
2.49300
2.59345
2.46060
2.49757
2.52915
2.38056
2.36610
2.47350
2.48343
2.44931
2.38195
2.47549
2.40580
2.38811
2.45565
2.24972
NPHI 94
0.39741
0.35730
0.32367
0.36613
0.34034
0.31376
0.35978
0.38520
0.36079
0.28577
0.37361
0.29391
0.34316
0.35408
0.34012
0.33263
0.28606
0.25423
0.34527
0.29247
0.34015
0.25994
0.36760
0.38076
0.37851
0.36791
0.39892
0.29252
0.27971
0.38830
0.27546
0.28532
0.22599
0.30465
0.37419
0.33957
0.35461
0.40127
0.37000
0.29088
0.24767
0.30681
0.26303
0.38127
0.27044
0.18393
0.25001
0.33822
0.37130
0.36915
0.36265
0.24263
0.25830
0.31473
0.24995
0.33179
0.15769
0.26869
0.35208
0.37098
0.32071
0.37183
0.33538
0.36601
0.39797
0.26506
0.35480
0.33774
0.32183
0.23694
0.32297
0.27422
0.26382
0.18370
0.14662
0.21996
0.27932
0.29280
0.35616
0.33188
0.38762
0.33911
0.37870
0.28505
0.24701
0.30648
0.31632
0.25808
0.20893
0.24307
0.22563
0.17832
0.24865
0.15769
1
FACIES 16
0 0 16
1 16 4
0 20 9
1 29 5
0 34 6
1 40 6
0 46 5
1 51 5
2 56 2
0 58 7
1 65 7
2 72 5
0 77 6
1 83 5
2 88 5
3 93 1

W5
93
2000.00000 0.00000 0.00000 1.00000
4
DEPTH 93
0.00000
1.00000
2.00000
3.00000
4.00000
5.00000
6.00000
7.00000
8.00000
9.00000
10.00000
11.00000
12.00000
13.00000
14.00000
15.00000
16.00000
17.00000
18.00000
19.00000
20.00000
21.00000
22.00000
23.00000
24.00000
25.00000
26.00000
27.00000
28.00000
29.00000
30.00000
31.00000
32.00000
33.00000
34.00000
35.00000
36.00000
37.00000
38.00000
39.00000
40.00000
41.00000
42.00000
43.00000
44.00000
45.00000
46.00000
47.00000
48.00000
49.00000
50.00000
51.00000
52.00000
53.00000
54.00000
55.00000
56.00000
57.00000
58.00000
59.00000
60.00000
61.00000
62.00000
63.00000
64.00000
65.00000
66.00000
67.00000
68.00000
69.00000
70.00000
71.00000
72.00000
73.00000
74.00000
75.00000
76.00000
77.00000
78.00000
79.00000
80.00000
81.00000
82.00000
83.00000
84.00000
85.00000
86.00000
87.00000
88.00000
89.00000
90.00000
91.00000
92.00000
GR 93
121.19056
99.00186
130.65422
143.68452
137.43682
124.63554
127.65892
143.39051
122.53023
143.73137
111.26265
116.86163
152.93476
133.63320
120.14023
116.29023
134.77622
118.71727
143.91406
158.43910
125.42033
130.85796
111.32835
134.81989
111.06516
128.55423
80.66572
115.03061
146.58058
159.88670
116.10170
93.10597
92.94422
127.13573
81.95700
139.82830
104.59612
126.64228
91.09378
156.43998
150.58779
126.71877
112.85771
129.92552
94.59167
88.63493
74.29846
84.80669
100.94522
57.07054
126.98520
138.43408
128.15437
120.27238
83.75486
118.63306
122.44417
133.33040
107.52758
136.23834
122.29464
99.26520
90.74014
104.92145
81.96183
70.23356
108.88760
87.94328
74.35702
107.54789
101.19353
130.12263
106.06416
91.78719
122.70461
123.20951
139.14149
104.20337
81.86761
100.77529
75.78331
117.76172
119.44618
91.08168
90.45727
82.79471
33.56821
71.23844
142.63260
89.83553
114.40118
97.62689
79.35224
DEN 93
2.50489
2.55448
2.47492
2.55838
2.53619
2.53458
2.53165
2.40532
2.44992
2.47654
2.49312
2.53849
2.54411
2.46361
2.51184
2.54779
2.51965
2.60919
2.57472
2.55982
2.51131
2.57605
2.55298
2.54982
2.48527
2.51666
2.47011
2.53442
2.51424
2.58066
2.50698
2.44024
2.57498
2.47787
2.41731
2.52161
2.46291
2.56500
2.51237
2.46171
2.53800
2.53320
2.55512
2.52715
2.42887
2.40480
2.49560
2.42877
2.44941
2.45784
2.52272
2.44010
2.49140
2.44262
2.51063
2.56316
2.43461
2.53238
2.60035
2.45251
2.44696
2.45475
2.37096
2.47978
2.43091
2.42858
2.50046
2.46700
2.41299
2.52648
2.52101
2.51948
2.52118
2.53383
2.54201
2.45516
2.48060
2.46360
2.47890
2.47193
2.45725
2.38891
2.48540
2.44081
2.45787
2.48661
2.37620
2.36233
2.52770
2.58362
2.39901
2.45915
2.27174
NPHI 93
0.37665
0.32481
0.39315
0.27941
0.27579
0.36224
0.39894
0.32730
0.34377
0.35346
0.39910
0.26515
0.33270
0.38730
0.32033
0.35024
0.36053
0.27728
0.30591
0.37885
0.33162
0.34725
0.37685
0.32916
0.27458
0.32240
0.38483
0.28437
0.35160
0.32774
0.36040
0.34869
0.29363
0.32852
0.30839
0.28854
0.26930
0.33946
0.33349
0.32437
0.36253
0.37110
0.28508
0.31535
0.24713
0.30291
0.24274
0.34301
0.30995
0.36990
0.36193
0.27271
0.39248
0.28928
0.33246
0.38794
0.36469
0.37926
0.30162
0.30279
0.32360
0.34455
0.25787
0.22732
0.27538
0.26086
0.28417
0.25734
0.26461
0.36919
0.33120
0.28186
0.38115
0.38758
0.31188
0.24623
0.32178
0.33305
0.30810
0.35311
0.33531
0.27751
0.29781
0.30153
0.29314
0.40657
0.19959
0.26047
0.38528
0.35500
0.25677
0.30132
0.26895
1
FACIES 12
0 0 31
1 31 4
0 35 9
1 44 6
0 50 10
1 60 9
0 69 9
1 78 8
2 86 2
0 88 2
1 90 2
2 92 1

W6
83
2400.00000 0.00000 0.00000 1.00000
4
DEPTH 83
0.00000
1.00000
2.00000
3.00000
4.00000
5.00000
6.00000
7.00000
8.00000
9.00000
10.00000
11.00000
12.00000
13.00000
14.00000
15.00000
16.00000
17.00000
18.00000
19.00000
20.00000
21.00000
22.00000
23.00000
24.00000
25.00000
26.00000
27.00000
28.00000
29.00000
30.00000
31.00000
32.00000
33.00000
34.00000
35.00000
36.00000
37.00000
38.00000
39.00000
40.00000
41.00000
42.00000
43.00000
44.00000
45.00000
46.00000
47.00000
48.00000
49.00000
50.00000
51.00000
52.00000
53.00000
54.00000
55.00000
56.00000
57.00000
58.00000
59.00000
60.00000
61.00000
62.00000
63.00000
64.00000
65.00000
66.00000
67.00000
68.00000
69.00000
70.00000
71.00000
72.00000
73.00000
74.00000
75.00000
76.00000
77.00000
78.00000
79.00000
80.00000
81.00000
82.00000
GR 83
125.12423
132.54573
102.61841
142.54307
117.40096
119.21555
130.82711
126.92932
123.46007
114.55682
129.22934
101.02921
121.58871
130.46788
102.48996
143.42631
116.92526
138.09585
104.27076
131.15318
98.93428
117.59898
128.55239
128.89712
84.54272
123.30247
116.24479
104.92426
115.05948
126.46406
126.09913
124.53751
117.25234
122.15667
88.00460
71.38754
84.61407
138.39284
115.15444
134.43194
109.53924
113.33591
109.22169
137.63190
118.22923
150.59138
104.79796
146.93533
51.14524
116.83191
100.42794
94.85772
61.66109
92.33470
124.40441
118.85527
132.15553
139.41101
129.10706
118.06809
132.25973
136.53854
79.16644
123.05869
108.45090
102.46309
98.95253
78.78754
110.82117
94.43407
119.23175
128.46923
132.12692
140.65615
134.83427
140.36148
91.23742
99.24026
83.90853
62.08888
120.65592
120.59791
58.85793
DEN 83
2.51185
2.42344
2.52214
2.51285
2.57092
2.51054
2.44961
2.61548
2.59193
2.52896
2.49205
2.52540
2.45540
2.49096
2.47898
2.49442
2.52992
2.49861
2.49872
2.50137
2.52815
2.52566
2.59612
2.56100
2.34621
2.47949
2.49886
2.56189
2.59692
2.48238
2.52150
2.51142
2.55658
2.48721
2.53387
2.49356
2.47569
2.48902
2.49737
2.58840
2.52282
2.49480
2.51423
2.48329
2.52288
2.56478
2.52843
2.55237
2.41083
2.51546
2.51078
2.47369
2.44372
2.43183
2.53770
2.52369
2.51998
2.44189
2.51972
2.54657
2.50957
2.56887
2.49369
2.41619
2.46287
2.48893
2.44706
2.43063
2.38513
2.52131
2.54646
2.50803
2.49232
2.53574
2.47662
2.53160
2.49393
2.50360
2.40028
2.49649
2.37870
2.43716
2.47334
NPHI 83
0.28116
0.36594
0.33523
0.31223
0.36145
0.27731
0.37007
0.29599
0.38766
0.34008
0.33643
0.35800
0.37954
0.32878
0.31849
0.36561
0.33434
0.27710
0.29004
0.43498
0.29488
0.24699
0.32186
0.33344
0.31564
0.34506
0.36425
0.28409
0.38509
0.31883
0.33637
0.28232
0.28527
0.34445
0.31026
0.25901
0.27033
0.31524
0.38397
0.43071
0.29295
0.29771
0.29133
0.45238
0.28819
0.35188
0.29514
0.34382
0.31751
0.22632
0.22367
0.27797
0.27691
0.27228
0.32782
0.26316
0.34159
0.26105
0.34681
0.37731
0.25569
0.36578
0.32442
0.28094
0.24531
0.29352
0.34913
0.29044
0.23759
0.29527
0.31434
0.36688
0.33325
0.28412
0.39650
0.34629
0.27517
0.26753
0.24742
0.36236
0.31899
0.29406
0.24746
1
FACIES 10
0 0 24
1 24 1
0 25 9
1 34 3
0 37 11
1 48 6
0 54 8
1 62 7
0 69 7
1 76 7

W7
100
2800.00000 0.00000 0.00000 1.00000
4
DEPTH 100
0.00000
1.00000
2.00000
3.00000
4.00000
5.00000
6.00000
7.00000
8.00000
9.00000
10.00000
11.00000
12.00000
13.00000
14.00000
15.00000
16.00000
17.00000
18.00000
19.00000
20.00000
21.00000
22.00000
23.00000
24.00000
25.00000
26.00000
27.00000
28.00000
29.00000
30.00000
31.00000
32.00000
33.00000
34.00000
35.00000
36.00000
37.00000
38.00000
39.00000
40.00000
41.00000
42.00000
43.00000
44.00000
45.00000
46.00000
47.00000
48.00000
49.00000
50.00000
51.00000
52.00000
53.00000
54.00000
55.00000
56.00000
57.00000
58.00000
59.00000
60.00000
61.00000
62.00000
63.00000
64.00000
65.00000
66.00000
67.00000
68.00000
69.00000
70.00000
71.00000
72.00000
73.00000
74.00000
75.00000
76.00000
77.00000
78.00000
79.00000
80.00000
81.00000
82.00000
83.00000
84.00000
85.00000
86.00000
87.00000
88.00000
89.00000
90.00000
91.00000
92.00000
93.00000
94.00000
95.00000
96.00000
97.00000
98.00000
99.00000
GR 100
127.99453
140.36769
92.65965
101.73471
108.86396
134.04405
107.58632
117.95245
132.64731
142.85459
140.38022
108.59394
141.93487
116.25327
135.98642
112.05222
149.06344
114.84089
126.42240
119.30485
111.36346
125.84617
115.19055
138.62094
116.20923
120.93660
132.27641
118.54312
120.39954
104.89466
128.25910
127.55938
121.21906
127.97572
104.59635
128.47491
130.88016
117.03767
115.01183
103.92813
108.33603
106.03187
124.84706
124.57875
132.14904
126.94895
102.92281
128.08116
117.59798
126.70622
139.94832
138.83960
113.54841
134.90664
108.15564
142.38424
133.74662
115.95921
150.83540
120.36466
124.51494
88.84125
90.29189
94.37945
111.27313
107.69488
136.65609
115.55983
134.44106
126.41889
112.93210
128.84988
136.57811
146.01323
128.17080
138.66857
121.11186
98.87177
95.79591
94.49568
85.57209
126.47003
129.86134
128.73401
143.88672
165.55978
114.58604
119.53434
135.97239
128.36446
112.85819
117.17692
134.50132
167.18974
83.90885
89.60624
95.93057
105.85412
99.21976
63.67095
DEN 100
2.45755
2.48867
2.50934
2.53812
2.49782
2.51480
2.52129
2.53742
2.54207
2.39809
2.50731
2.56108
2.51780
2.47931
2.45123
2.57174
2.51867
2.48794
2.47088
2.44789
2.48515
2.52981
2.52861
2.47189
2.52657
2.51055
2.52954
2.55186
2.52419
2.55079
2.58300
2.49758
2.48856
2.48931
2.53563
2.55861
2.53215
2.60857
2.53736
2.56491
2.56755
2.59109
2.58361
2.49359
2.52059
2.51721
2.54261
2.50088
2.54638
2.54947
2.48025
2.54640
2.46483
2.53992
2.55067
2.63430
2.50029
2.47628
2.53091
2.51309
2.54123
2.38965
2.46282
2.46269
2.53629
2.52634
2.51619
2.53871
2.52527
2.55139
2.44767
2.45142
2.50881
2.47811
2.53562
2.52794
2.52251
2.49863
2.41954
2.46966
2.48111
2.61351
2.48805
2.55385
2.51620
2.53577
2.48229
2.52509
2.48613
2.54404
2.54710
2.48224
2.54420
2.45163
2.41746
2.39917
2.48405
2.44133
2.36688
2.46087
NPHI 100
0.36171
0.29452
0.31674
0.32200
0.38285
0.36476
0.34589
0.30878
0.22331
0.31536
0.28135
0.26314
0.29230
0.37465
0.32386
0.28600
0.29352
0.28902
0.25279
0.30991
0.42004
0.26894
0.29902
0.32855
0.31438
0.31062
0.33646
0.33057
0.40786
0.26427
0.35955
0.34124
0.32840
0.30775
0.36181
0.34351
0.33634
0.32192
0.35007
0.33623
0.36503
0.36635
0.34637
0.36327
0.30840
0.28666
0.23592
0.39233
0.32412
0.32150
0.35178
0.41666
0.30023
0.34409
0.29101
0.35466
0.26759
0.28212
0.35519
0.37858
0.33216
0.21089
0.23855
0.20376
0.35548
0.38090
0.32128
0.34780
0.37275
0.37483
0.40174
0.31145
0.31952
0.30807
0.35985
0.35958
0.34430
0.31221
0.29271
0.37826
0.33274
0.32488
0.32594
0.35276
0.32671
0.31122
0.37746
0.33746
0.29698
0.35330
0.31025
0.39205
0.38989
0.31046
0.24690
0.30340
0.31031
0.37485
0.24990
0.28513
1
FACIES 6
0 0 61
1 61 3
0 64 13
1 77 4
0 81 13
1 94 6
END
