WeCo WellList 2
9

Well_01
6
100.00000 -100.00000 12.04895 37.95105
6
X 6
    100.00000
    100.00000
    100.00000
    100.00000
    100.00000
    100.00000
Y 6
    -100.00000
    -100.00000
    -100.00000
    -100.00000
    -100.00000
    -100.00000
Depth 6
    12.04895
    25.99500
    32.00000
    38.00000
    44.00000
    50.00000
Azimuth 6
    225.00000
    225.00000
    225.00000
    225.00000
    225.00000
    225.00000
Dip 6
    17.61670
    0.56825
    0.00000
    0.00000
    0.00000
    0.00000
Facies 6
    4.00000
    5.00000
    6.00000
    6.00000
    6.00000
    6.00000
1
Facies 6
    4 0 1
    5 1 1
    6 2 1
    6 3 1
    6 4 1
    6 5 1

Well_02
6
75.00000 -75.00000 2.13968 47.86032
6
X 6
    75.00000
    75.00000
    75.00000
    75.00000
    75.00000
    75.00000
Y 6
    -75.00000
    -75.00000
    -75.00000
    -75.00000
    -75.00000
    -75.00000
Depth 6
    2.13968
    20.15510
    32.00000
    38.00000
    44.00000
    50.00000
Azimuth 6
    225.00000
    225.00000
    225.00000
    225.00000
    225.00000
    225.00000
Dip 6
    11.12700
    16.37150
    0.00000
    0.00000
    0.00000
    0.00000
Facies 6
    2.00000
    4.00000
    6.00000
    6.00000
    6.00000
    6.00000
1
Facies 6
    2 0 1
    4 1 1
    6 2 1
    6 3 1
    6 4 1
    6 5 1

Well_03
6
50.00000 -50.00000 0.00000 50.00000
6
X 6
    50.00000
    50.00000
    50.00000
    50.00000
    50.00000
    50.00000
Y 6
    -50.00000
    -50.00000
    -50.00000
    -50.00000
    -50.00000
    -50.00000
Depth 6
    0.00000
    9.69483
    28.05700
    38.00000
    44.00000
    50.00000
Azimuth 6
    225.00000
    225.00000
    225.00000
    225.00000
    225.00000
    225.00000
Dip 6
    0.00000
    13.97050
    14.32170
    0.00000
    0.00000
    0.00000
Facies 6
    1.00000
    2.00000
    5.00000
    6.00000
    6.00000
    6.00000
1
Facies 6
    1 0 1
    2 1 1
    5 2 1
    6 3 1
    6 4 1
    6 5 1

Well_04
6
25.00000 -25.00000 0.00000 50.00000
6
X 6
    25.00000
    25.00000
    25.00000
    25.00000
    25.00000
    25.00000
Y 6
    -25.00000
    -25.00000
    -25.00000
    -25.00000
    -25.00000
    -25.00000
Depth 6
    0.00000
    6.00000
    17.55980
    35.66120
    44.00000
    50.00000
Azimuth 6
    225.00000
    225.00000
    225.00000
    225.00000
    225.00000
    225.00000
Dip 6
    0.00000
    0.00000
    16.12730
    11.56810
    0.00000
    0.00000
Facies 6
    1.00000
    1.00000
    3.00000
    5.00000
    6.00000
    6.00000
1
Facies 6
    1 0 1
    1 1 1
    3 2 1
    5 3 1
    6 4 1
    6 5 1

Well_05
6
0.00000 0.00000 0.00000 50.00000
6
X 6
    0.00000
    0.00000
    0.00000
    0.00000
    0.00000
    0.00000
Y 6
    0.00000
    0.00000
    0.00000
    0.00000
    0.00000
    0.00000
Depth 6
    0.00000
    6.00000
    12.00000
    25.64310
    42.88900
    50.00000
Azimuth 6
    225.00000
    225.00000
    225.00000
    225.00000
    225.00000
    225.00000
Dip 6
    0.00000
    0.00000
    0.00000
    17.49150
    8.24576
    0.00000
Facies 6
    1.00000
    1.00000
    1.00000
    3.00000
    5.00000
    6.00000
1
Facies 6
    1 0 1
    1 1 1
    1 2 1
    3 3 1
    5 4 1
    6 5 1

Well_06
6
-25.00000 25.00000 0.00000 49.67990
6
X 6
    -25.00000
    -25.00000
    -25.00000
    -25.00000
    -25.00000
    -25.00000
Y 6
    25.00000
    25.00000
    25.00000
    25.00000
    25.00000
    25.00000
Depth 6
    0.00000
    6.00000
    12.00000
    18.24570
    33.84210
    49.67990
Azimuth 6
    225.00000
    225.00000
    225.00000
    225.00000
    225.00000
    225.00000
Dip 6
    0.00000
    0.00000
    0.00000
    3.96577
    17.99630
    4.51807
Facies 6
    1.00000
    1.00000
    1.00000
    2.00000
    3.00000
    5.00000
1
Facies 6
    1 0 1
    1 1 1
    1 2 1
    2 3 1
    3 4 1
    5 5 1

Well_07
6
-50.00000 50.00000 0.00000 42.04900
6
X 6
    -50.00000
    -50.00000
    -50.00000
    -50.00000
    -50.00000
    -50.00000
Y 6
    50.00000
    50.00000
    50.00000
    50.00000
    50.00000
    50.00000
Depth 6
    0.00000
    6.00000
    12.00000
    18.00000
    24.97080
    42.04900
Azimuth 6
    225.00000
    225.00000
    225.00000
    225.00000
    225.00000
    225.00000
Dip 6
    0.00000
    0.00000
    0.00000
    0.00000
    7.73656
    17.61670
Facies 6
    1.00000
    1.00000
    1.00000
    1.00000
    2.00000
    4.00000
1
Facies 6
    1 0 1
    1 1 1
    1 2 1
    1 3 1
    2 4 1
    4 5 1

Well_08
6
-75.00000 75.00000 0.00000 32.13970
6
X 6
    -75.00000
    -75.00000
    -75.00000
    -75.00000
    -75.00000
    -75.00000
Y 6
    75.00000
    75.00000
    75.00000
    75.00000
    75.00000
    75.00000
Depth 6
    0.00000
    6.00000
    12.00000
    18.00000
    24.00000
    32.13970
Azimuth 6
    225.00000
    225.00000
    225.00000
    225.00000
    225.00000
    225.00000
Dip 6
    0.00000
    0.00000
    0.00000
    0.00000
    0.00000
    11.12700
Facies 6
    1.00000
    1.00000
    1.00000
    1.00000
    1.00000
    2.00000
1
Facies 6
    1 0 1
    1 1 1
    1 2 1
    1 3 1
    1 4 1
    2 5 1

Well_09
6
-100.00000 100.00000 0.00000 30.00000
6
X 6
    -100.00000
    -100.00000
    -100.00000
    -100.00000
    -100.00000
    -100.00000
Y 6
    100.00000
    100.00000
    100.00000
    100.00000
    100.00000
    100.00000
Depth 6
    0.00000
    6.00000
    12.00000
    18.00000
    24.00000
    30.00000
Azimuth 6
    225.00000
    225.00000
    225.00000
    225.00000
    225.00000
    225.00000
Dip 6
    0.00000
    0.00000
    0.00000
    0.00000
    0.00000
    0.00000
Facies 6
    1.00000
    1.00000
    1.00000
    1.00000
    1.00000
    1.00000
1
Facies 6
    1 0 1
    1 1 1
    1 2 1
    1 3 1
    1 4 1
    1 5 1

END