WeCo WellList 2
3

Well_11
84
434583.30000 6520591.50000 3854.30000 103.37000
4
DEPTH 84
    3854.30000
    3858.80000
    3859.30000
    3861.10000
    3868.00000
    3870.00000
    3871.33000
    3872.21000
    3872.85000
    3873.20000
    3873.34000
    3873.63000
    3874.23000
    3877.35000
    3880.20000
    3881.54000
    3882.10000
    3883.61000
    3884.55000
    3891.23000
    3891.58000
    3892.10000
    3893.49000
    3894.52000
    3896.28000
    3897.34000
    3898.03000
    3898.63000
    3899.00000
    3899.83000
    3900.14000
    3902.06000
    3902.93000
    3904.90000
    3906.44000
    3908.28000
    3910.50000
    3911.29000
    3911.46000
    3911.93000
    3912.11000
    3912.29000
    3913.02000
    3913.88000
    3914.81000
    3915.95000
    3917.56000
    3917.95000
    3918.47000
    3918.69000
    3919.45000
    3919.62000
    3921.25000
    3921.78000
    3922.61000
    3922.88000
    3924.06000
    3924.60000
    3924.86000
    3925.60000
    3931.90000
    3932.91000
    3933.12000
    3933.72000
    3934.54000
    3934.75000
    3936.30000
    3937.45000
    3938.44000
    3939.83000
    3940.46000
    3940.95000
    3942.35000
    3944.25000
    3945.30000
    3946.03000
    3950.25000
    3951.85000
    3952.97000
    3954.52000
    3954.95000
    3955.83000
    3956.33000
    3956.77000
FACIES_1 84
    07.00000
    04.00000
    02.00000
    07.00000
    05.00000
    12.00000
    11.00000
    12.00000
    10.00000
    12.00000
    11.00000
    10.00000
    09.00000
    07.00000
    06.00000
    05.00000
    04.00000
    01.00000
    09.00000
    07.00000
    06.00000
    01.00000
    02.00000
    01.00000
    02.00000
    03.00000
    02.00000
    03.00000
    02.00000
    01.00000
    02.00000
    01.00000
    02.00000
    01.00000
    09.00000
    08.00000
    06.00000
    08.00000
    06.00000
    05.00000
    04.00000
    03.00000
    02.00000
    01.00000
    07.00000
    06.00000
    07.00000
    05.00000
    06.00000
    07.00000
    06.00000
    07.00000
    06.00000
    05.00000
    06.00000
    05.00000
    04.00000
    01.00000
    06.00000
    07.00000
    06.00000
    05.00000
    04.00000
    03.00000
    01.00000
    02.00000
    04.00000
    02.00000
    01.00000
    04.00000
    01.00000
    01.00000
    01.00000
    01.00000
    01.00000
    03.00000
    01.00000
    03.00000
    01.00000
    02.00000
    01.00000
    03.00000
    01.00000
    04.00000
FACIES_2 84
    03.00000
    02.00000
    01.00000
    03.00000
    02.00000
    04.00000
    04.00000
    04.00000
    04.00000
    04.00000
    04.00000
    04.00000
    03.00000
    03.00000
    02.00000
    02.00000
    02.00000
    01.00000
    03.00000
    03.00000
    02.00000
    01.00000
    01.00000
    01.00000
    01.00000
    01.00000
    01.00000
    01.00000
    01.00000
    01.00000
    01.00000
    01.00000
    01.00000
    01.00000
    03.00000
    03.00000
    02.00000
    03.00000
    02.00000
    02.00000
    02.00000
    01.00000
    01.00000
    01.00000
    03.00000
    02.00000
    03.00000
    02.00000
    02.00000
    03.00000
    02.00000
    03.00000
    02.00000
    02.00000
    02.00000
    02.00000
    02.00000
    01.00000
    02.00000
    03.00000
    02.00000
    02.00000
    02.00000
    01.00000
    01.00000
    01.00000
    02.00000
    01.00000
    01.00000
    02.00000
    01.00000
    01.00000
    01.00000
    01.00000
    01.00000
    01.00000
    01.00000
    01.00000
    01.00000
    01.00000
    01.00000
    01.00000
    01.00000
    02.00000
DISTALITY 84
    04.00000
    04.00000
    04.00000
    04.00000
    04.00000
    04.00000
    04.00000
    04.00000
    04.00000
    04.00000
    04.00000
    04.00000
    04.00000
    04.00000
    04.00000
    04.00000
    04.00000
    04.00000
    04.00000
    04.00000
    04.00000
    04.00000
    04.00000
    04.00000
    04.00000
    04.00000
    04.00000
    04.00000
    04.00000
    04.00000
    04.00000
    04.00000
    04.00000
    04.00000
    04.00000
    04.00000
    04.00000
    04.00000
    04.00000
    04.00000
    04.00000
    04.00000
    04.00000
    04.00000
    04.00000
    04.00000
    04.00000
    04.00000
    04.00000
    04.00000
    04.00000
    04.00000
    04.00000
    04.00000
    04.00000
    04.00000
    04.00000
    04.00000
    04.00000
    04.00000
    04.00000
    04.00000
    04.00000
    04.00000
    04.00000
    04.00000
    04.00000
    04.00000
    04.00000
    04.00000
    04.00000
    04.00000
    04.00000
    04.00000
    04.00000
    04.00000
    04.00000
    04.00000
    04.00000
    04.00000
    04.00000
    04.00000
    04.00000
    04.00000
5
FACIES_1 84
    07 00 01
    04 01 01
    02 02 01
    07 03 01
    05 04 01
    12 05 01
    11 06 01
    12 07 01
    10 08 01
    12 09 01
    11 10 01
    10 11 01
    09 12 01
    07 13 01
    06 14 01
    05 15 01
    04 16 01
    01 17 01
    09 18 01
    07 19 01
    06 20 01
    01 21 01
    02 22 01
    01 23 01
    02 24 01
    03 25 01
    02 26 01
    03 27 01
    02 28 01
    01 29 01
    02 30 01
    01 31 01
    02 32 01
    01 33 01
    09 34 01
    08 35 01
    06 36 01
    08 37 01
    06 38 01
    05 39 01
    04 40 01
    03 41 01
    02 42 01
    01 43 01
    07 44 01
    06 45 01
    07 46 01
    05 47 01
    06 48 01
    07 49 01
    06 50 01
    07 51 01
    06 52 01
    05 53 01
    06 54 01
    05 55 01
    04 56 01
    01 57 01
    06 58 01
    07 59 01
    06 60 01
    05 61 01
    04 62 01
    03 63 01
    01 64 01
    02 65 01
    04 66 01
    02 67 01
    01 68 01
    04 69 01
    01 70 01
    01 71 01
    01 72 01
    01 73 01
    01 74 01
    03 75 01
    01 76 01
    03 77 01
    01 78 01
    02 79 01
    01 80 01
    03 81 01
    01 82 01
    04 83 01
FACIES_2 84
    03 00 01
    02 01 01
    01 02 01
    03 03 01
    02 04 01
    04 05 01
    04 06 01
    04 07 01
    04 08 01
    04 09 01
    04 10 01
    04 11 01
    03 12 01
    03 13 01
    02 14 01
    02 15 01
    02 16 01
    01 17 01
    03 18 01
    03 19 01
    02 20 01
    01 21 01
    01 22 01
    01 23 01
    01 24 01
    01 25 01
    01 26 01
    01 27 01
    01 28 01
    01 29 01
    01 30 01
    01 31 01
    01 32 01
    01 33 01
    03 34 01
    03 35 01
    02 36 01
    03 37 01
    02 38 01
    02 39 01
    02 40 01
    01 41 01
    01 42 01
    01 43 01
    03 44 01
    02 45 01
    03 46 01
    02 47 01
    02 48 01
    03 49 01
    02 50 01
    03 51 01
    02 52 01
    02 53 01
    02 54 01
    02 55 01
    02 56 01
    01 57 01
    02 58 01
    03 59 01
    02 60 01
    02 61 01
    02 62 01
    01 63 01
    01 64 01
    01 65 01
    02 66 01
    01 67 01
    01 68 01
    02 69 01
    01 70 01
    01 71 01
    01 72 01
    01 73 01
    01 74 01
    01 75 01
    01 76 01
    01 77 01
    01 78 01
    01 79 01
    01 80 01
    01 81 01
    01 82 01
    02 83 01
DISTALITY 1
    04 00 84
BIOZONES 3
    38200  0 19
    38400 46 24
    39300 73 11
BIOGAPS 2
    38200 19 27
    38400 70 03


Well_04
24
435502.74000 6520489.03000 3789.00000 65.60000
4
DEPTH 24
    3789.00000
    3790.40000
    3792.75000
    3793.40000
    3795.40000
    3799.60000
    3809.30000
    3813.50000
    3817.70000
    3819.60000
    3824.00000
    3826.60000
    3828.05000
    3830.10000
    3830.95000
    3832.80000
    3834.00000
    3834.80000
    3842.00000
    3844.50000
    3846.40000
    3847.45000
    3850.00000
    3854.60000
FACIES_1 24
    07.00000
    02.00000
    12.00000
    08.00000
    12.00000
    08.00000
    12.00000
    07.00000
    01.00000
    09.00000
    07.00000
    04.00000
    01.00000
    08.00000
    01.00000
    07.00000
    04.00000
    01.00000
    07.00000
    01.00000
    07.00000
    04.00000
    09.00000
    04.00000
FACIES_2 24
    03.00000
    01.00000
    04.00000
    03.00000
    04.00000
    03.00000
    04.00000
    03.00000
    01.00000
    03.00000
    03.00000
    02.00000
    01.00000
    03.00000
    01.00000
    03.00000
    02.00000
    01.00000
    03.00000
    01.00000
    03.00000
    02.00000
    03.00000
    02.00000
DISTALITY 24
    05.00000
    05.00000
    05.00000
    05.00000
    05.00000
    05.00000
    05.00000
    05.00000
    05.00000
    05.00000
    05.00000
    05.00000
    05.00000
    05.00000
    05.00000
    05.00000
    05.00000
    05.00000
    05.00000
    05.00000
    05.00000
    05.00000
    05.00000
    05.00000
5
FACIES_1 24
    07 00 01
    02 01 01
    12 02 01
    08 03 01
    12 04 01
    08 05 01
    12 06 01
    07 07 01
    01 08 01
    09 09 01
    07 10 01
    04 11 01
    01 12 01
    08 13 01
    01 14 01
    07 15 01
    04 16 01
    01 17 01
    07 18 01
    01 19 01
    07 20 01
    04 21 01
    09 22 01
    04 23 01
FACIES_2 24
    03 00 01
    01 01 01
    04 02 01
    03 03 01
    04 04 01
    03 05 01
    04 06 01
    03 07 01
    01 08 01
    03 09 01
    03 10 01
    02 11 01
    01 12 01
    03 13 01
    01 14 01
    03 15 01
    02 16 01
    01 17 01
    03 18 01
    01 19 01
    03 20 01
    02 21 01
    03 22 01
    02 23 01
DISTALITY 1
    05 00 24
BIOZONES 3
    38200  0 8
    38400  9 9
    39300 18 2
BIOGAPS 2
    38200  8 1
    39300 20 4

Well_05
17
433105.22000 6517057.34000 3931.00000 87.15000
4
DEPTH 17
    3935.00000
    3938.60000
    3947.95000
    3951.60000
    3961.25000
    3965.45000
    3968.30000
    3980.40000
    3980.95000
    3982.35000
    3984.70000
    3987.80000
    3988.95000
    3990.95000
    3997.10000
    3998.00000
    4022.15000
FACIES_1 17
    09.00000
    12.00000
    09.00000
    12.00000
    09.00000
    12.00000
    05.00000
    07.00000
    05.00000
    07.00000
    05.00000
    01.00000
    05.00000
    02.00000
    05.00000
    02.00000
    05.00000
FACIES_2 17
    03.00000
    04.00000
    03.00000
    04.00000
    03.00000
    04.00000
    02.00000
    03.00000
    02.00000
    03.00000
    02.00000
    01.00000
    02.00000
    01.00000
    02.00000
    01.00000
    02.00000
DISTALITY 17
    05.00000
    05.00000
    05.00000
    05.00000
    05.00000
    05.00000
    05.00000
    05.00000
    05.00000
    05.00000
    05.00000
    05.00000
    05.00000
    05.00000
    05.00000
    05.00000
    05.00000
5
FACIES_1 17
    09 00 01
    12 01 01
    09 02 01
    12 03 01
    09 04 01
    12 05 01
    05 06 01
    07 07 01
    05 08 01
    07 09 01
    05 10 01
    01 11 01
    05 12 01
    02 13 01
    05 14 01
    02 15 01
    05 16 01
FACIES_2 17
    03 00 01
    04 01 01
    03 02 01
    04 03 01
    03 04 01
    04 05 01
    02 06 01
    03 07 01
    02 08 01
    03 09 01
    02 10 01
    01 11 01
    02 12 01
    01 13 01
    02 14 01
    01 15 01
    02 16 01
DISTALITY 1
    05 00 17
BIOZONES 3
    38200  2 5
    38300  7 4
    38400 16 1
BIOGAPS 2
    38100  0 2
    38300 11 5

END
