WellIds: 0 1 2
Node 0 ( 0 0 0 )
Node 1 ( 1 1 1 )
  -> 0 (2.22045e-16)
Node 2 ( 2 2 2 )
  -> 1 (0)
Node 3 ( 3 3 3 )
  -> 2 (0)
Node 4 ( 4 4 4 )
  -> 3 (0)
Node 5 ( 5 5 5 )
  -> 4 (0)
Node 6 ( 6 6 6 )
  -> 5 (5.55112e-17)
Node 7 ( 7 7 7 )
  -> 6 (0)
Node 8 ( 8 8 8 )
  -> 7 (-2.77556e-17)
Node 9 ( 9 9 9 )
  -> 8 (0)
Node 10 ( 10 10 10 )
  -> 9 (0)
Node 11 ( 11 11 11 )
  -> 10 (0)
Node 12 ( 12 12 12 )
  -> 11 (0)
Node 13 ( 13 13 13 )
  -> 12 (0)
Node 14 ( 14 14 14 )
  -> 13 (0)
Node 15 ( 15 15 15 )
  -> 14 (-2.77556e-17)
Node 16 ( 16 16 16 )
  -> 15 (0)
Node 17 ( 17 17 17 )
  -> 16 (5.55112e-17)
Node 18 ( 18 18 18 )
  -> 17 (0)
Node 19 ( 19 19 19 )
  -> 18 (0)
Node 20 ( 20 20 20 )
  -> 19 (0)
Node 21 ( 21 21 21 )
  -> 20 (0)
Node 22 ( 22 22 22 )
  -> 21 (2.22045e-16)
Node 23 ( 23 23 23 )
  -> 22 (3.33067e-16)
Node 24 ( 23 24 24 )
  -> 23 (1.38338e-05)
Node 25 ( 24 23 24 )
  -> 23 (1.38338e-05)
Node 26 ( 24 24 23 )
  -> 23 (1.38338e-05)
Node 27 ( 24 24 24 )
  -> 24 (0)
  -> 25 (0)
  -> 26 (0)
  -> 23 (0)
Node 28 ( 24 25 24 )
  -> 27 (1.38338e-05)
Node 29 ( 25 25 25 )
  -> 28 (3.33067e-16)
  -> 27 (3.33067e-16)
Node 30 ( 26 26 26 )
  -> 29 (2.22045e-16)
Node 31 ( 27 27 27 )
  -> 30 (0)
Node 32 ( 28 28 28 )
  -> 31 (0)
Node 33 ( 29 29 29 )
  -> 32 (0)
Node 34 ( 30 30 30 )
  -> 33 (0)
Node 35 ( 31 31 31 )
  -> 34 (5.55112e-17)
Node 36 ( 32 32 32 )
  -> 35 (0)
Node 37 ( 33 33 33 )
  -> 36 (-2.77556e-17)
Node 38 ( 34 34 34 )
  -> 37 (0)
Node 39 ( 35 35 35 )
  -> 38 (0)
Node 40 ( 36 36 36 )
  -> 39 (0)
Node 41 ( 37 37 37 )
  -> 40 (0)
Node 42 ( 38 38 38 )
  -> 41 (0)
Node 43 ( 39 39 39 )
  -> 42 (0)
Node 44 ( 40 40 40 )
  -> 43 (-2.77556e-17)
Node 45 ( 41 41 41 )
  -> 44 (0)
Node 46 ( 42 42 42 )
  -> 45 (5.55112e-17)
Node 47 ( 43 43 43 )
  -> 46 (0)
Node 48 ( 44 44 44 )
  -> 47 (0)
Node 49 ( 45 45 45 )
  -> 48 (0)
Node 50 ( 46 46 46 )
  -> 49 (0)
Node 51 ( 47 47 47 )
  -> 50 (2.22045e-16)
Node 52 ( 48 48 48 )
  -> 51 (3.33067e-16)
Node 53 ( 49 48 49 )
  -> 52 (1.38338e-05)
Node 54 ( 49 49 49 )
  -> 53 (0)
  -> 52 (0)
Node 55 ( 50 50 50 )
  -> 54 (3.33067e-16)
Node 56 ( 51 51 51 )
  -> 55 (2.22045e-16)
Node 57 ( 52 52 52 )
  -> 56 (0)
Node 58 ( 53 53 53 )
  -> 57 (0)
Node 59 ( 54 54 54 )
  -> 58 (0)
Node 60 ( 55 55 55 )
  -> 59 (0)
Node 61 ( 56 56 56 )
  -> 60 (5.55112e-17)
Node 62 ( 57 57 57 )
  -> 61 (0)
Node 63 ( 58 58 58 )
  -> 62 (-2.77556e-17)
Node 64 ( 59 59 59 )
  -> 63 (0)
Node 65 ( 60 60 60 )
  -> 64 (0)
Node 66 ( 61 61 61 )
  -> 65 (0)
Node 67 ( 62 62 62 )
  -> 66 (0)
Node 68 ( 63 63 63 )
  -> 67 (0)
Node 69 ( 64 64 64 )
  -> 68 (0)
Node 70 ( 65 65 65 )
  -> 69 (-2.77556e-17)
Node 71 ( 66 66 66 )
  -> 70 (0)
Node 72 ( 67 67 67 )
  -> 71 (5.55112e-17)
Node 73 ( 68 68 68 )
  -> 72 (0)
Node 74 ( 69 69 69 )
  -> 73 (0)
Node 75 ( 70 70 70 )
  -> 74 (0)
Node 76 ( 71 71 71 )
  -> 75 (0)
Node 77 ( 72 72 72 )
  -> 76 (2.22045e-16)
Node 78 ( 73 73 73 )
  -> 77 (3.33067e-16)
Node 79 ( 74 74 74 )
  -> 78 (0)
Node 80 ( 74 74 75 )
  -> 79 (1.38338e-05)
Node 81 ( 75 75 75 )
  -> 80 (3.33067e-16)
  -> 79 (3.33067e-16)
Node 82 ( 76 76 76 )
  -> 81 (2.22045e-16)
Node 83 ( 77 77 77 )
  -> 82 (0)
Node 84 ( 78 78 78 )
  -> 83 (0)
Node 85 ( 79 79 79 )
  -> 84 (0)
Node 86 ( 80 80 80 )
  -> 85 (0)
Node 87 ( 81 81 81 )
  -> 86 (5.55112e-17)
Node 88 ( 82 82 82 )
  -> 87 (0)
Node 89 ( 83 83 83 )
  -> 88 (-2.77556e-17)
Node 90 ( 84 84 84 )
  -> 89 (0)
Node 91 ( 85 85 85 )
  -> 90 (0)
Node 92 ( 86 86 86 )
  -> 91 (0)
Node 93 ( 87 87 87 )
  -> 92 (0)
Node 94 ( 88 88 88 )
  -> 93 (0)
Node 95 ( 89 89 89 )
  -> 94 (0)
Node 96 ( 90 90 90 )
  -> 95 (-2.77556e-17)
Node 97 ( 91 91 91 )
  -> 96 (0)
Node 98 ( 92 92 92 )
  -> 97 (5.55112e-17)
Node 99 ( 93 93 93 )
  -> 98 (0)
Node 100 ( 94 94 94 )
  -> 99 (0)
Node 101 ( 95 95 95 )
  -> 100 (0)
Node 102 ( 96 96 96 )
  -> 101 (0)
Node 103 ( 97 97 97 )
  -> 102 (2.22045e-16)
Node 104 ( 98 98 98 )
  -> 103 (3.33067e-16)
Node 105 ( 98 99 99 )
  -> 104 (1.38338e-05)
Node 106 ( 99 98 99 )
  -> 104 (1.38338e-05)
Node 107 ( 99 99 98 )
  -> 104 (1.38338e-05)
Node 108 ( 99 99 99 )
  -> 107 (0)
  -> 106 (0)
  -> 105 (0)
  -> 104 (0)
