WeCo WellList 2
23
31_2-1
50
528500.000000 6757000.000000 1437.500000 158.000000
5
MD 50
1437.500000
1450.000000
1454.000000
1459.300000
1462.100000
1463.800000
1468.500000
1471.200000
1489.800000
1491.000000
1493.300000
1511.000000
1514.000000
1519.400000
1521.800000
1523.000000
1523.600000
1525.400000
1529.000000
1532.700000
1533.000000
1533.400000
1534.700000
1537.300000
1537.900000
1541.100000
1542.050000
1542.700000
1543.500000
1543.800000
1545.300000
1552.800000
1553.200000
1553.600000
1553.700000
1554.000000
1564.600000
1555.000000
1557.000000
1557.300000
1559.000000
1559.500000
1560.000000
1560.500000
1566.900000
1581.500000
1582.700000
1585.350000
1591.850000
1595.500000
FACIES 50
0.000000
0.000000
2.000000
3.000000
3.000000
2.000000
3.000000
2.000000
3.000000
2.000000
0.000000
0.000000
2.000000
2.000000
0.000000
0.000000
2.000000
2.000000
2.000000
0.000000
2.000000
2.000000
2.000000
3.000000
2.000000
2.000000
2.000000
2.000000
3.000000
2.000000
2.000000
3.000000
3.000000
3.000000
3.000000
2.000000
2.000000
2.000000
2.000000
2.000000
0.000000
0.000000
1.000000
2.000000
2.000000
1.000000
2.000000
1.000000
2.000000
0.000000
DISTALITY 50
0.000000
0.000000
2.000000
4.000000
4.000000
2.000000
4.000000
2.000000
4.000000
2.000000
0.000000
0.000000
2.000000
2.000000
0.000000
0.000000
2.000000
2.000000
2.000000
0.000000
2.000000
2.000000
2.000000
4.000000
2.000000
2.000000
2.000000
2.000000
4.000000
2.000000
2.000000
4.000000
4.000000
4.000000
4.000000
2.000000
2.000000
2.000000
2.000000
2.000000
0.000000
0.000000
1.000000
2.000000
2.000000
1.000000
2.000000
1.000000
2.000000
0.000000
BIOZONE 50
0.000000
0.000000
0.000000
0.000000
0.000000
0.000000
0.000000
0.000000
0.000000
0.000000
0.000000
0.000000
0.000000
0.000000
0.000000
0.000000
0.000000
0.000000
0.000000
0.000000
0.000000
0.000000
0.000000
0.000000
0.000000
0.000000
0.000000
0.000000
0.000000
0.000000
0.000000
0.000000
0.000000
0.000000
0.000000
0.000000
0.000000
0.000000
0.000000
0.000000
0.000000
0.000000
0.000000
0.000000
0.000000
0.000000
0.000000
0.000000
0.000000
0.000000
SEQUENCE 50
7.000000
7.000000
6.000000
6.000000
6.000000
5.000000
5.000000
5.000000
5.000000
5.000000
5.000000
3.000000
3.000000
3.000000
3.000000
3.000000
3.000000
3.000000
3.000000
3.000000
3.000000
3.000000
3.000000
3.000000
3.000000
3.000000
3.000000
3.000000
3.000000
3.000000
3.000000
3.000000
3.000000
3.000000
3.000000
3.000000
3.000000
3.000000
3.000000
3.000000
3.000000
3.000000
3.000000
2.000000
2.000000
2.000000
2.000000
2.000000
2.000000
2.000000
3
BIOZONE 0
FACIES 22
2 2 1
3 3 2
2 5 1
3 6 1
2 7 1
3 8 1
2 9 1
2 12 2
2 16 3
2 20 3
3 23 1
2 24 4
3 28 1
2 29 2
3 31 4
2 35 5
1 42 1
2 43 2
1 45 1
2 46 1
1 47 1
2 48 1
SEQUENCE 5
7 0 2
6 2 3
5 5 6
3 11 32
2 43 7
31_2-12
8
528200.000000 6759500.000000 1365.000000 93.500000
5
MD 8
1365.000000
1366.000000
1391.400000
1392.750000
1414.750000
1416.300000
1419.000000
1458.500000
FACIES 8
2.000000
2.000000
2.000000
2.000000
2.000000
2.000000
2.000000
0.000000
DISTALITY 8
2.000000
2.000000
2.000000
2.000000
2.000000
2.000000
2.000000
0.000000
BIOZONE 8
0.000000
0.000000
0.000000
0.000000
0.000000
0.000000
0.000000
0.000000
SEQUENCE 8
0.000000
0.000000
0.000000
4.000000
4.000000
3.000000
3.000000
3.000000
3
BIOZONE 0
FACIES 1
2 0 7
SEQUENCE 2
4 3 2
3 5 3
31_2-14
20
526500.000000 6758200.000000 1535.000000 63.200000
5
MD 20
1535.000000
1537.400000
1542.200000
1544.500000
1547.100000
1553.750000
1560.000000
1562.900000
1564.000000
1586.500000
1570.100000
1571.000000
1572.800000
1573.800000
1582.450000
1586.300000
1589.500000
1590.600000
1593.200000
1598.200000
FACIES 20
2.000000
2.000000
0.000000
2.000000
2.000000
0.000000
2.000000
0.000000
2.000000
2.000000
0.000000
2.000000
2.000000
2.000000
2.000000
0.000000
2.000000
2.000000
2.000000
0.000000
DISTALITY 20
2.000000
2.000000
0.000000
2.000000
2.000000
0.000000
2.000000
0.000000
2.000000
2.000000
0.000000
2.000000
2.000000
2.000000
2.000000
0.000000
2.000000
2.000000
2.000000
0.000000
BIOZONE 20
0.000000
0.000000
0.000000
0.000000
0.000000
0.000000
0.000000
0.000000
0.000000
0.000000
0.000000
0.000000
0.000000
0.000000
0.000000
0.000000
0.000000
0.000000
0.000000
0.000000
SEQUENCE 20
0.000000
0.000000
0.000000
8.000000
7.000000
7.000000
7.000000
7.000000
7.000000
7.000000
7.000000
7.000000
7.000000
7.000000
5.000000
5.000000
5.000000
5.000000
5.000000
5.000000
3
BIOZONE 0
FACIES 6
2 0 2
2 3 2
2 6 1
2 8 2
2 11 4
2 16 3
SEQUENCE 3
8 3 1
7 4 10
5 14 6
31_2-17S
38
526800.000000 6759200.000000 1871.500000 150.800000
5
MD 38
1871.500000
1877.000000
1880.000000
1888.600000
1891.700000
1898.600000
1902.800000
1903.550000
1916.300000
1917.500000
1922.300000
1924.000000
1924.200000
1925.800000
1926.750000
1929.150000
1931.700000
1946.000000
1952.050000
1957.350000
1975.300000
1979.150000
1981.400000
1984.500000
1993.000000
1999.200000
2000.800000
2002.650000
2003.300000
2003.600000
2004.000000
2005.100000
2006.300000
2010.600000
2011.800000
2016.000000
2021.150000
2022.300000
FACIES 38
2.000000
2.000000
3.000000
2.000000
2.000000
2.000000
3.000000
2.000000
3.000000
2.000000
3.000000
2.000000
2.000000
2.000000
2.000000
3.000000
2.000000
2.000000
2.000000
2.000000
2.000000
2.000000
2.000000
0.000000
2.000000
3.000000
2.000000
2.000000
2.000000
1.000000
2.000000
2.000000
2.000000
2.000000
0.000000
2.000000
1.000000
0.000000
DISTALITY 38
2.000000
2.000000
4.000000
2.000000
2.000000
2.000000
4.000000
2.000000
4.000000
2.000000
4.000000
2.000000
2.000000
2.000000
2.000000
4.000000
2.000000
2.000000
2.000000
2.000000
2.000000
2.000000
2.000000
0.000000
2.000000
4.000000
2.000000
2.000000
2.000000
1.000000
2.000000
2.000000
2.000000
2.000000
0.000000
2.000000
1.000000
0.000000
BIOZONE 38
0.000000
0.000000
0.000000
0.000000
0.000000
0.000000
0.000000
0.000000
0.000000
0.000000
0.000000
0.000000
0.000000
0.000000
0.000000
0.000000
0.000000
0.000000
0.000000
0.000000
0.000000
0.000000
0.000000
0.000000
0.000000
0.000000
0.000000
0.000000
0.000000
0.000000
0.000000
0.000000
0.000000
0.000000
0.000000
0.000000
0.000000
0.000000
SEQUENCE 38
7.000000
7.000000
7.000000
5.000000
5.000000
5.000000
5.000000
4.000000
4.000000
4.000000
4.000000
4.000000
4.000000
4.000000
4.000000
4.000000
4.000000
4.000000
4.000000
4.000000
4.000000
4.000000
4.000000
4.000000
4.000000
4.000000
4.000000
4.000000
4.000000
4.000000
3.000000
3.000000
3.000000
3.000000
3.000000
3.000000
3.000000
3.000000
3
BIOZONE 0
FACIES 18
2 0 2
3 2 1
2 3 3
3 6 1
2 7 1
3 8 1
2 9 1
3 10 1
2 11 4
3 15 1
2 16 7
2 24 1
3 25 1
2 26 3
1 29 1
2 30 4
2 35 1
1 36 1
SEQUENCE 4
7 0 3
5 3 4
4 7 23
3 30 8
31_2-17SA
14
526900.000000 6759300.000000 1703.000000 79.300000
5
MD 14
1703.000000
1705.850000
1709.650000
1710.100000
1712.950000
1717.400000
1717.800000
1724.100000
1727.600000
1745.350000
1756.300000
1771.400000
1773.350000
1782.300000
FACIES 14
3.000000
0.000000
3.000000
7.000000
2.000000
2.000000
2.000000
2.000000
2.000000
0.000000
3.000000
1.000000
3.000000
0.000000
DISTALITY 14
4.000000
0.000000
4.000000
2.000000
2.000000
2.000000
2.000000
2.000000
2.000000
0.000000
4.000000
1.000000
4.000000
0.000000
BIOZONE 14
0.000000
0.000000
0.000000
0.000000
0.000000
0.000000
0.000000
0.000000
0.000000
0.000000
0.000000
0.000000
0.000000
0.000000
SEQUENCE 14
0.000000
0.000000
0.000000
7.000000
7.000000
7.000000
7.000000
7.000000
5.000000
5.000000
5.000000
5.000000
4.000000
4.000000
3
BIOZONE 0
FACIES 7
3 0 1
3 2 1
7 3 1
2 4 5
3 10 1
1 11 1
3 12 1
SEQUENCE 3
7 3 5
5 8 4
4 12 2
31_2-2
41
528800.000000 6757500.000000 1540.950000 91.550000
5
MD 41
1540.950000
1541.700000
1545.350000
1546.600000
1547.300000
1547.600000
1551.000000
1560.000000
1561.800000
1562.050000
1562.800000
1563.900000
1564.700000
1565.400000
1565.600000
1565.900000
1567.400000
1568.600000
1573.800000
1575.700000
1579.750000
1580.950000
1585.000000
1588.600000
1589.500000
1590.500000
1591.000000
1593.500000
1594.900000
1603.600000
1604.000000
1606.400000
1608.000000
1611.000000
1616.000000
1622.000000
1623.100000
1626.000000
1626.500000
1627.000000
1632.500000
FACIES 41
3.000000
3.000000
3.000000
3.000000
3.000000
0.000000
2.000000
2.000000
3.000000
2.000000
2.000000
3.000000
3.000000
2.000000
2.000000
2.000000
3.000000
3.000000
3.000000
2.000000
3.000000
0.000000
2.000000
2.000000
2.000000
2.000000
2.000000
2.000000
1.000000
0.000000
2.000000
0.000000
2.000000
0.000000
2.000000
2.000000
2.000000
2.000000
2.000000
2.000000
0.000000
DISTALITY 41
4.000000
4.000000
4.000000
4.000000
4.000000
0.000000
2.000000
2.000000
4.000000
2.000000
2.000000
4.000000
4.000000
2.000000
2.000000
2.000000
4.000000
4.000000
4.000000
2.000000
4.000000
0.000000
2.000000
2.000000
2.000000
2.000000
2.000000
2.000000
1.000000
0.000000
2.000000
0.000000
2.000000
0.000000
2.000000
2.000000
2.000000
2.000000
2.000000
2.000000
0.000000
BIOZONE 41
0.000000
0.000000
0.000000
0.000000
0.000000
0.000000
0.000000
0.000000
0.000000
0.000000
0.000000
0.000000
0.000000
0.000000
0.000000
0.000000
0.000000
0.000000
0.000000
0.000000
0.000000
0.000000
0.000000
0.000000
0.000000
0.000000
0.000000
0.000000
0.000000
0.000000
0.000000
0.000000
0.000000
0.000000
0.000000
0.000000
0.000000
0.000000
0.000000
0.000000
0.000000
SEQUENCE 41
7.000000
7.000000
7.000000
7.000000
7.000000
7.000000
6.000000
6.000000
6.000000
6.000000
6.000000
6.000000
6.000000
6.000000
6.000000
6.000000
5.000000
5.000000
5.000000
5.000000
5.000000
5.000000
4.000000
4.000000
4.000000
4.000000
4.000000
4.000000
4.000000
4.000000
3.000000
3.000000
3.000000
3.000000
2.000000
2.000000
2.000000
2.000000
2.000000
2.000000
2.000000
3
BIOZONE 0
FACIES 14
3 0 5
2 6 2
3 8 1
2 9 2
3 11 2
2 13 3
3 16 3
2 19 1
3 20 1
2 22 6
1 28 1
2 30 1
2 32 1
2 34 6
SEQUENCE 6
7 0 6
6 6 10
5 16 6
4 22 8
3 30 4
2 34 7
31_2-22S
24
527602.000000 6760876.000000 1915.600000 315.400000
5
MD 24
1915.600000
1927.000000
1934.000000
1935.000000
1945.000000
1946.000000
1948.000000
1953.000000
1962.000000
1963.000000
1979.000000
1980.000000
1984.000000
1996.000000
1997.000000
2025.000000
2036.000000
2037.500000
2054.500000
2057.000000
2062.000000
2078.000000
2141.000000
2231.000000
FACIES 24
0.000000
7.000000
7.000000
1.000000
7.000000
8.000000
9.000000
3.000000
8.000000
7.000000
8.000000
9.000000
1.000000
8.000000
7.000000
8.000000
9.000000
8.000000
9.000000
8.000000
9.000000
1.000000
0.000000
0.000000
DISTALITY 24
0.000000
2.000000
2.000000
4.000000
2.000000
2.000000
1.000000
4.000000
2.000000
2.000000
2.000000
1.000000
1.000000
2.000000
2.000000
2.000000
1.000000
2.000000
1.000000
2.000000
1.000000
1.000000
0.000000
0.000000
BIOZONE 24
0.000000
0.000000
0.000000
0.000000
0.000000
0.000000
0.000000
0.000000
0.000000
0.000000
0.000000
0.000000
0.000000
0.000000
0.000000
0.000000
0.000000
0.000000
0.000000
0.000000
0.000000
0.000000
0.000000
0.000000
SEQUENCE 24
6.000000
6.000000
6.000000
5.000000
5.000000
5.000000
5.000000
5.000000
4.000000
4.000000
4.000000
4.000000
4.000000
4.000000
3.000000
3.000000
3.000000
3.000000
3.000000
3.000000
3.000000
3.000000
2.000000
2.000000
3
BIOZONE 0
FACIES 20
7 1 2
1 3 1
7 4 1
8 5 1
9 6 1
3 7 1
8 8 1
7 9 1
8 10 1
9 11 1
1 12 1
8 13 1
7 14 1
8 15 1
9 16 1
8 17 1
9 18 1
8 19 1
9 20 1
1 21 1
SEQUENCE 5
6 0 3
5 3 5
4 8 6
3 14 8
2 22 2
31_2-3
34
529100.000000 6758000.000000 1384.000000 179.600000
5
MD 34
1384.000000
1426.700000
1431.000000
1434.000000
1441.000000
1443.000000
1443.900000
1445.500000
1461.200000
1461.800000
1462.400000
1462.750000
1469.200000
1475.000000
1480.000000
1484.450000
1487.150000
1490.400000
1492.400000
1496.400000
1505.000000
1506.700000
1512.200000
1514.600000
1529.600000
1533.000000
1540.050000
1540.800000
1540.950000
1551.000000
1556.700000
1557.900000
1561.700000
1563.600000
FACIES 34
0.000000
0.000000
0.000000
7.000000
2.000000
1.000000
1.000000
1.000000
0.000000
1.000000
0.000000
0.000000
0.000000
0.000000
0.000000
0.000000
3.000000
2.000000
4.000000
0.000000
1.000000
0.000000
3.000000
0.000000
0.000000
0.000000
0.000000
1.000000
0.000000
0.000000
1.000000
3.000000
1.000000
0.000000
DISTALITY 34
0.000000
0.000000
0.000000
0.000000
2.000000
1.000000
1.000000
1.000000
0.000000
1.000000
0.000000
0.000000
0.000000
0.000000
0.000000
0.000000
4.000000
2.000000
0.000000
0.000000
1.000000
0.000000
4.000000
0.000000
0.000000
0.000000
0.000000
1.000000
0.000000
0.000000
1.000000
4.000000
1.000000
0.000000
BIOZONE 34
0.000000
0.000000
0.000000
0.000000
0.000000
0.000000
0.000000
0.000000
0.000000
0.000000
0.000000
0.000000
0.000000
0.000000
0.000000
0.000000
0.000000
0.000000
0.000000
0.000000
0.000000
0.000000
0.000000
0.000000
0.000000
0.000000
0.000000
0.000000
0.000000
0.000000
0.000000
0.000000
0.000000
0.000000
SEQUENCE 34
7.000000
4.000000
4.000000
3.000000
3.000000
3.000000
3.000000
3.000000
3.000000
3.000000
3.000000
3.000000
3.000000
3.000000
3.000000
3.000000
3.000000
2.000000
2.000000
2.000000
2.000000
2.000000
2.000000
2.000000
2.000000
2.000000
2.000000
2.000000
2.000000
2.000000
2.000000
2.000000
2.000000
2.000000
3
BIOZONE 0
FACIES 13
7 3 1
2 4 1
1 5 3
1 9 1
3 16 1
2 17 1
4 18 1
1 20 1
3 22 1
1 27 1
1 30 1
3 31 1
1 32 1
SEQUENCE 4
7 0 1
4 1 2
3 3 14
2 17 17
31_2-6
40
527500.000000 6758500.000000 1492.000000 140.250000
5
MD 40
1492.000000
1494.000000
1497.000000
1500.000000
1504.400000
1505.800000
1506.100000
1507.100000
1508.900000
1509.550000
1509.800000
1510.700000
1511.600000
1515.400000
1522.600000
1532.700000
1537.700000
1540.000000
1540.900000
1542.600000
1562.750000
1590.200000
1592.900000
1594.200000
1594.700000
1601.100000
1601.300000
1604.600000
1605.800000
1606.000000
1608.600000
1609.600000
1610.300000
1621.600000
1627.300000
1627.500000
1627.550000
1628.400000
1628.850000
1632.250000
FACIES 40
2.000000
3.000000
2.000000
3.000000
3.000000
3.000000
3.000000
3.000000
3.000000
2.000000
2.000000
3.000000
3.000000
2.000000
2.000000
2.000000
2.000000
2.000000
1.000000
2.000000
2.000000
2.000000
3.000000
2.000000
2.000000
2.000000
2.000000
3.000000
2.000000
2.000000
2.000000
3.000000
2.000000
2.000000
2.000000
2.000000
3.000000
2.000000
2.000000
0.000000
DISTALITY 40
2.000000
4.000000
2.000000
4.000000
4.000000
4.000000
4.000000
4.000000
4.000000
2.000000
2.000000
4.000000
4.000000
2.000000
2.000000
2.000000
2.000000
2.000000
1.000000
2.000000
2.000000
2.000000
4.000000
2.000000
2.000000
2.000000
2.000000
4.000000
2.000000
2.000000
2.000000
4.000000
2.000000
2.000000
2.000000
2.000000
4.000000
2.000000
2.000000
0.000000
BIOZONE 40
0.000000
0.000000
0.000000
0.000000
0.000000
0.000000
0.000000
0.000000
0.000000
0.000000
0.000000
0.000000
0.000000
0.000000
0.000000
0.000000
0.000000
0.000000
0.000000
0.000000
0.000000
0.000000
0.000000
0.000000
0.000000
0.000000
0.000000
0.000000
0.000000
0.000000
0.000000
0.000000
0.000000
0.000000
0.000000
0.000000
0.000000
0.000000
0.000000
0.000000
SEQUENCE 40
7.000000
7.000000
7.000000
7.000000
7.000000
5.000000
5.000000
5.000000
5.000000
5.000000
5.000000
5.000000
5.000000
4.000000
4.000000
4.000000
4.000000
4.000000
4.000000
3.000000
3.000000
3.000000
3.000000
3.000000
3.000000
2.000000
2.000000
2.000000
2.000000
2.000000
2.000000
2.000000
2.000000
2.000000
2.000000
2.000000
2.000000
2.000000
2.000000
2.000000
3
BIOZONE 0
FACIES 17
2 0 1
3 1 1
2 2 1
3 3 6
2 9 2
3 11 2
2 13 5
1 18 1
2 19 3
3 22 1
2 23 4
3 27 1
2 28 3
3 31 1
2 32 4
3 36 1
2 37 2
SEQUENCE 5
7 0 5
5 5 8
4 13 6
3 19 6
2 25 15
31_2-8
21
527200.000000 6757800.000000 1841.800000 47.100000
5
MD 21
1841.800000
1851.500000
1852.500000
1854.800000
1856.100000
1859.500000
1861.600000
1865.900000
1866.200000
1867.100000
1867.600000
1868.800000
1869.700000
1870.000000
1872.000000
1873.600000
1874.100000
1875.800000
1876.600000
1882.500000
1888.900000
FACIES 21
2.000000
0.000000
2.000000
2.000000
2.000000
2.000000
2.000000
2.000000
1.000000
2.000000
2.000000
1.000000
0.000000
2.000000
1.000000
2.000000
1.000000
2.000000
1.000000
2.000000
0.000000
DISTALITY 21
2.000000
0.000000
2.000000
2.000000
2.000000
2.000000
2.000000
2.000000
1.000000
2.000000
2.000000
1.000000
0.000000
2.000000
1.000000
2.000000
1.000000
2.000000
1.000000
2.000000
0.000000
BIOZONE 21
0.000000
0.000000
0.000000
0.000000
0.000000
0.000000
0.000000
0.000000
0.000000
0.000000
0.000000
0.000000
0.000000
0.000000
0.000000
0.000000
0.000000
0.000000
0.000000
0.000000
0.000000
SEQUENCE 21
8.000000
8.000000
8.000000
8.000000
8.000000
8.000000
8.000000
8.000000
8.000000
8.000000
8.000000
8.000000
8.000000
8.000000
8.000000
8.000000
8.000000
8.000000
8.000000
6.000000
6.000000
3
BIOZONE 0
FACIES 12
2 0 1
2 2 6
1 8 1
2 9 2
1 11 1
2 13 1
1 14 1
2 15 1
1 16 1
2 17 1
1 18 1
2 19 1
SEQUENCE 2
8 0 19
6 19 2
31_2-9
39
527800.000000 6759000.000000 1549.400000 8.200000
5
MD 39
1549.400000
1554.000000
1556.100000
1556.500000
1556.700000
1557.500000
1557.600000
1557.600000
1557.600000
1557.600000
1557.600000
1557.600000
1557.600000
1557.600000
1557.600000
1557.600000
1557.600000
1557.600000
1557.600000
1557.600000
1557.600000
1557.600000
1557.600000
1557.600000
1557.600000
1557.600000
1557.600000
1557.600000
1557.600000
1557.600000
1557.600000
1557.600000
1557.600000
1557.600000
1557.600000
1557.600000
1557.600000
1557.600000
1557.600000
FACIES 39
0.000000
2.000000
3.000000
3.000000
3.000000
3.000000
3.000000
2.000000
2.000000
2.000000
2.000000
2.000000
2.000000
3.000000
3.000000
3.000000
3.000000
2.000000
2.000000
2.000000
2.000000
2.000000
0.000000
3.000000
3.000000
2.000000
3.000000
2.000000
2.000000
3.000000
3.000000
3.000000
2.000000
1.000000
2.000000
2.000000
1.000000
2.000000
0.000000
DISTALITY 39
0.000000
2.000000
4.000000
4.000000
4.000000
4.000000
4.000000
2.000000
2.000000
2.000000
2.000000
2.000000
2.000000
4.000000
4.000000
4.000000
4.000000
2.000000
2.000000
2.000000
2.000000
2.000000
0.000000
4.000000
4.000000
2.000000
4.000000
2.000000
2.000000
4.000000
4.000000
4.000000
2.000000
1.000000
2.000000
2.000000
1.000000
2.000000
0.000000
BIOZONE 39
0.000000
0.000000
0.000000
0.000000
0.000000
0.000000
0.000000
0.000000
0.000000
0.000000
0.000000
0.000000
0.000000
0.000000
0.000000
0.000000
0.000000
0.000000
0.000000
0.000000
0.000000
0.000000
0.000000
0.000000
0.000000
0.000000
0.000000
0.000000
0.000000
0.000000
0.000000
0.000000
0.000000
0.000000
0.000000
0.000000
0.000000
0.000000
0.000000
SEQUENCE 39
0.000000
6.000000
6.000000
6.000000
6.000000
6.000000
6.000000
6.000000
6.000000
6.000000
6.000000
5.000000
5.000000
5.000000
5.000000
5.000000
5.000000
5.000000
5.000000
5.000000
5.000000
5.000000
5.000000
5.000000
5.000000
5.000000
5.000000
5.000000
5.000000
5.000000
5.000000
5.000000
5.000000
5.000000
5.000000
5.000000
5.000000
4.000000
4.000000
3
BIOZONE 0
FACIES 15
2 1 1
3 2 5
2 7 6
3 13 4
2 17 5
3 23 2
2 25 1
3 26 1
2 27 2
3 29 3
2 32 1
1 33 1
2 34 2
1 36 1
2 37 1
SEQUENCE 3
6 1 10
5 11 26
4 37 2
31_3-1
54
535000.000000 6740000.000000 1351.000000 163.450000
5
MD 54
1351.000000
1351.500000
1354.250000
1358.350000
1358.900000
1361.100000
1362.300000
1366.450000
1377.000000
1379.400000
1382.250000
1383.350000
1390.300000
1391.900000
1400.000000
1400.900000
1402.400000
1404.600000
1408.950000
1412.100000
1420.300000
1424.350000
1430.100000
1432.500000
1434.750000
1436.300000
1437.300000
1440.350000
1440.700000
1446.650000
1449.850000
1455.300000
1460.500000
1461.100000
1461.500000
1469.000000
1469.300000
1469.900000
1472.800000
1475.400000
1478.800000
1480.450000
1481.450000
1482.200000
1482.750000
1485.300000
1486.300000
1490.200000
1499.000000
1506.900000
1508.550000
1509.000000
1509.800000
1514.450000
FACIES 54
3.000000
3.000000
1.000000
7.000000
3.000000
3.000000
0.000000
3.000000
3.000000
2.000000
2.000000
3.000000
2.000000
3.000000
0.000000
3.000000
3.000000
3.000000
2.000000
2.000000
3.000000
3.000000
2.000000
2.000000
2.000000
2.000000
2.000000
2.000000
2.000000
2.000000
2.000000
2.000000
2.000000
2.000000
2.000000
7.000000
3.000000
2.000000
2.000000
2.000000
3.000000
2.000000
2.000000
2.000000
2.000000
2.000000
2.000000
2.000000
2.000000
1.000000
7.000000
2.000000
1.000000
2.000000
DISTALITY 54
3.000000
3.000000
1.000000
2.000000
4.000000
4.000000
0.000000
4.000000
4.000000
2.000000
2.000000
4.000000
2.000000
4.000000
0.000000
4.000000
4.000000
4.000000
2.000000
2.000000
4.000000
4.000000
2.000000
2.000000
2.000000
2.000000
2.000000
2.000000
2.000000
2.000000
2.000000
2.000000
2.000000
2.000000
2.000000
2.000000
4.000000
2.000000
2.000000
2.000000
4.000000
2.000000
2.000000
2.000000
2.000000
2.000000
2.000000
2.000000
2.000000
1.000000
2.000000
2.000000
1.000000
2.000000
BIOZONE 54
0.000000
0.000000
0.000000
0.000000
0.000000
0.000000
0.000000
0.000000
0.000000
0.000000
0.000000
0.000000
0.000000
0.000000
0.000000
0.000000
0.000000
0.000000
0.000000
0.000000
0.000000
0.000000
0.000000
0.000000
0.000000
0.000000
0.000000
0.000000
0.000000
0.000000
0.000000
0.000000
0.000000
0.000000
0.000000
0.000000
0.000000
0.000000
0.000000
0.000000
0.000000
0.000000
0.000000
0.000000
0.000000
0.000000
0.000000
0.000000
0.000000
0.000000
0.000000
0.000000
0.000000
0.000000
SEQUENCE 54
8.000000
8.000000
8.000000
7.000000
7.000000
7.000000
7.000000
7.000000
7.000000
7.000000
7.000000
5.000000
5.000000
5.000000
5.000000
5.000000
5.000000
5.000000
4.000000
4.000000
4.000000
4.000000
3.000000
3.000000
3.000000
3.000000
3.000000
3.000000
3.000000
3.000000
3.000000
3.000000
3.000000
3.000000
3.000000
3.000000
2.000000
2.000000
2.000000
2.000000
2.000000
2.000000
2.000000
2.000000
2.000000
2.000000
2.000000
2.000000
2.000000
2.000000
2.000000
2.000000
2.000000
2.000000
3
BIOZONE 0
FACIES 23
3 0 2
1 2 1
7 3 1
3 4 2
3 7 2
2 9 2
3 11 1
2 12 1
3 13 1
3 15 3
2 18 2
3 20 2
2 22 13
7 35 1
3 36 1
2 37 3
3 40 1
2 41 8
1 49 1
7 50 1
2 51 1
1 52 1
2 53 1
SEQUENCE 6
8 0 3
7 3 8
5 11 7
4 18 4
3 22 14
2 36 18
31_3-2
41
535500.000000 6740500.000000 1565.000000 74.850000
5
MD 41
1565.000000
1567.450000
1567.650000
1568.800000
1569.000000
1571.000000
1574.250000
1574.700000
1575.300000
1582.000000
1581.000000
1581.550000
1582.300000
1583.100000
1585.600000
1586.200000
1587.000000
1590.700000
1593.000000
1593.400000
1594.000000
1594.100000
1595.900000
1599.250000
1605.450000
1606.000000
1606.250000
1608.000000
1610.250000
1611.000000
1612.750000
1614.000000
1614.600000
1615.400000
1618.700000
1620.200000
1621.250000
1622.450000
1623.200000
1625.000000
1639.850000
FACIES 41
0.000000
3.000000
2.000000
0.000000
2.000000
2.000000
3.000000
3.000000
0.000000
0.000000
2.000000
3.000000
3.000000
3.000000
3.000000
3.000000
3.000000
0.000000
3.000000
2.000000
3.000000
2.000000
3.000000
2.000000
2.000000
2.000000
0.000000
2.000000
2.000000
2.000000
2.000000
2.000000
2.000000
1.000000
1.000000
2.000000
2.000000
2.000000
2.000000
2.000000
0.000000
DISTALITY 41
0.000000
4.000000
2.000000
0.000000
2.000000
2.000000
4.000000
4.000000
0.000000
0.000000
2.000000
4.000000
4.000000
4.000000
4.000000
4.000000
4.000000
0.000000
4.000000
2.000000
4.000000
2.000000
4.000000
2.000000
2.000000
2.000000
0.000000
2.000000
2.000000
2.000000
2.000000
2.000000
2.000000
1.000000
1.000000
2.000000
2.000000
2.000000
2.000000
2.000000
0.000000
BIOZONE 41
0.000000
0.000000
0.000000
0.000000
0.000000
0.000000
0.000000
0.000000
0.000000
0.000000
0.000000
0.000000
0.000000
0.000000
0.000000
0.000000
0.000000
0.000000
0.000000
0.000000
0.000000
0.000000
0.000000
0.000000
0.000000
0.000000
0.000000
0.000000
0.000000
0.000000
0.000000
0.000000
0.000000
0.000000
0.000000
0.000000
0.000000
0.000000
0.000000
0.000000
0.000000
SEQUENCE 41
0.000000
0.000000
8.000000
8.000000
8.000000
7.000000
7.000000
7.000000
7.000000
5.000000
5.000000
5.000000
5.000000
5.000000
5.000000
5.000000
5.000000
5.000000
5.000000
4.000000
4.000000
4.000000
4.000000
4.000000
4.000000
4.000000
4.000000
4.000000
4.000000
4.000000
4.000000
4.000000
4.000000
4.000000
4.000000
3.000000
3.000000
3.000000
3.000000
3.000000
3.000000
3
BIOZONE 0
FACIES 15
3 1 1
2 2 1
2 4 2
3 6 2
2 10 1
3 11 6
3 18 1
2 19 1
3 20 1
2 21 1
3 22 1
2 23 3
2 27 6
1 33 2
2 35 5
SEQUENCE 5
8 2 3
7 5 4
5 9 10
4 19 16
3 35 6
31_5-2
24
527000.000000 6730000.000000 1520.600000 80.500000
5
MD 24
1520.600000
1528.400000
1533.900000
1534.400000
1535.000000
1535.400000
1535.700000
1538.500000
1542.500000
1543.200000
1545.600000
1548.350000
1553.900000
1556.650000
1557.900000
1570.200000
1570.500000
1571.550000
1574.750000
1575.900000
1595.850000
1598.850000
1599.450000
1601.100000
FACIES 24
3.000000
3.000000
2.000000
3.000000
2.000000
2.000000
2.000000
2.000000
0.000000
2.000000
3.000000
2.000000
2.000000
3.000000
2.000000
0.000000
2.000000
2.000000
2.000000
2.000000
2.000000
2.000000
2.000000
0.000000
DISTALITY 24
4.000000
4.000000
2.000000
4.000000
2.000000
2.000000
2.000000
2.000000
0.000000
2.000000
4.000000
2.000000
2.000000
4.000000
2.000000
0.000000
2.000000
2.000000
2.000000
2.000000
2.000000
2.000000
2.000000
0.000000
BIOZONE 24
0.000000
0.000000
0.000000
0.000000
0.000000
0.000000
0.000000
0.000000
0.000000
0.000000
0.000000
0.000000
0.000000
0.000000
0.000000
0.000000
0.000000
0.000000
0.000000
0.000000
0.000000
0.000000
0.000000
0.000000
SEQUENCE 24
7.000000
7.000000
5.000000
5.000000
6.000000
6.000000
6.000000
6.000000
6.000000
6.000000
6.000000
5.000000
5.000000
5.000000
4.000000
4.000000
4.000000
4.000000
4.000000
3.000000
3.000000
3.000000
3.000000
3.000000
3
BIOZONE 0
FACIES 10
3 0 2
2 2 1
3 3 1
2 4 4
2 9 1
3 10 1
2 11 2
3 13 1
2 14 1
2 16 7
SEQUENCE 6
7 0 2
5 2 2
6 4 7
5 11 3
4 14 5
3 19 5
31_5-3
23
527500.000000 6730500.000000 1554.200000 76.800000
5
MD 23
1554.200000
1555.500000
1555.850000
1560.800000
1563.000000
1570.500000
1572.000000
1594.400000
1595.000000
1603.350000
1605.000000
1610.500000
1611.000000
1611.650000
1615.300000
1620.000000
1620.300000
1620.450000
1620.700000
1621.800000
1622.000000
1628.000000
1631.000000
FACIES 23
2.000000
2.000000
2.000000
3.000000
2.000000
0.000000
2.000000
0.000000
2.000000
3.000000
3.000000
0.000000
3.000000
3.000000
3.000000
3.000000
0.000000
3.000000
3.000000
3.000000
2.000000
2.000000
0.000000
DISTALITY 23
2.000000
2.000000
2.000000
4.000000
2.000000
0.000000
2.000000
0.000000
2.000000
4.000000
4.000000
0.000000
4.000000
4.000000
4.000000
4.000000
0.000000
4.000000
4.000000
4.000000
2.000000
2.000000
0.000000
BIOZONE 23
0.000000
0.000000
0.000000
0.000000
0.000000
0.000000
0.000000
0.000000
0.000000
0.000000
0.000000
0.000000
0.000000
0.000000
0.000000
0.000000
0.000000
0.000000
0.000000
0.000000
0.000000
0.000000
0.000000
SEQUENCE 23
6.000000
6.000000
6.000000
6.000000
5.000000
5.000000
5.000000
5.000000
5.000000
5.000000
4.000000
4.000000
4.000000
4.000000
4.000000
4.000000
4.000000
4.000000
4.000000
4.000000
4.000000
4.000000
3.000000
3
BIOZONE 0
FACIES 9
2 0 3
3 3 1
2 4 1
2 6 1
2 8 1
3 9 2
3 12 4
3 17 3
2 20 2
SEQUENCE 4
6 0 4
5 4 6
4 10 12
3 22 1
31_5-4S
20
528000.000000 6731000.000000 1619.000000 128.300000
5
MD 20
1619.000000
1650.000000
1658.450000
1666.300000
1672.400000
1674.900000
1676.850000
1682.000000
1682.600000
1694.000000
1699.800000
1705.200000
1708.600000
1714.000000
1716.400000
1722.250000
1723.000000
1731.900000
1734.500000
1747.300000
FACIES 20
0.000000
2.000000
3.000000
2.000000
0.000000
3.000000
3.000000
2.000000
2.000000
2.000000
2.000000
2.000000
0.000000
0.000000
2.000000
2.000000
2.000000
2.000000
2.000000
0.000000
DISTALITY 20
0.000000
2.000000
4.000000
2.000000
0.000000
4.000000
4.000000
2.000000
2.000000
2.000000
2.000000
2.000000
0.000000
0.000000
2.000000
2.000000
2.000000
2.000000
2.000000
0.000000
BIOZONE 20
0.000000
0.000000
0.000000
0.000000
0.000000
0.000000
0.000000
0.000000
0.000000
0.000000
0.000000
0.000000
0.000000
0.000000
0.000000
0.000000
0.000000
0.000000
0.000000
0.000000
SEQUENCE 20
7.000000
5.000000
5.000000
4.000000
4.000000
4.000000
4.000000
4.000000
4.000000
4.000000
4.000000
4.000000
4.000000
3.000000
3.000000
3.000000
3.000000
3.000000
3.000000
3.000000
3
BIOZONE 0
FACIES 6
2 1 1
3 2 1
2 3 1
3 5 2
2 7 5
2 14 5
SEQUENCE 4
7 0 1
5 1 2
4 3 10
3 13 7
31_6-1
54
537203.020000 6723719.560000 1352.000000 167.500000
5
MD 54
1352.000000
1352.500000
1356.800000
1361.000000
1361.500000
1363.600000
1367.500000
1368.200000
1373.000000
1377.000000
1378.500000
1384.100000
1389.000000
1398.000000
1400.350000
1407.300000
1408.500000
1410.500000
1411.500000
1412.200000
1413.500000
1414.500000
1416.500000
1417.500000
1419.500000
1420.500000
1422.500000
1423.500000
1425.800000
1431.400000
1433.000000
1435.500000
1440.500000
1443.500000
1448.600000
1452.300000
1455.500000
1461.400000
1463.500000
1471.500000
1473.800000
1476.200000
1477.050000
1479.500000
1489.500000
1490.800000
1497.500000
1507.250000
1511.300000
1513.600000
1514.600000
1515.500000
1517.600000
1519.500000
FACIES 54
1.000000
7.000000
5.000000
5.000000
1.000000
6.000000
1.000000
6.000000
7.000000
5.000000
6.000000
6.000000
6.000000
6.000000
1.000000
1.000000
6.000000
6.000000
6.000000
7.000000
7.000000
7.000000
7.000000
7.000000
7.000000
8.000000
8.000000
9.000000
10.000000
6.000000
7.000000
6.000000
6.000000
6.000000
7.000000
8.000000
7.000000
8.000000
6.000000
7.000000
7.000000
8.000000
8.000000
6.000000
7.000000
7.000000
8.000000
9.000000
9.000000
6.000000
9.000000
9.000000
9.000000
6.000000
DISTALITY 54
4.000000
4.000000
4.000000
4.000000
4.000000
4.000000
4.000000
4.000000
4.000000
4.000000
4.000000
4.000000
4.000000
4.000000
4.000000
4.000000
4.000000
4.000000
4.000000
4.000000
4.000000
4.000000
4.000000
4.000000
4.000000
4.000000
4.000000
4.000000
4.000000
4.000000
4.000000
4.000000
4.000000
4.000000
4.000000
4.000000
4.000000
4.000000
4.000000
4.000000
4.000000
4.000000
4.000000
4.000000
4.000000
4.000000
4.000000
4.000000
4.000000
4.000000
4.000000
4.000000
4.000000
4.000000
BIOZONE 54
7.000000
6.000000
6.000000
6.000000
6.000000
6.000000
6.000000
6.000000
0.000000
5.000000
5.000000
5.000000
5.000000
5.000000
5.000000
5.000000
0.000000
4.000000
4.000000
4.000000
4.000000
4.000000
4.000000
4.000000
4.000000
4.000000
4.000000
4.000000
4.000000
4.000000
4.000000
0.000000
0.000000
0.000000
3.000000
3.000000
3.000000
3.000000
3.000000
3.000000
3.000000
3.000000
3.000000
2.000000
2.000000
2.000000
2.000000
2.000000
2.000000
2.000000
2.000000
2.000000
2.000000
2.000000
SEQUENCE 54
5.000000
4.000000
4.000000
4.000000
4.000000
4.000000
4.000000
4.000000
4.000000
4.000000
4.000000
4.000000
4.000000
4.000000
4.000000
4.000000
4.000000
4.000000
4.000000
4.000000
4.000000
4.000000
4.000000
4.000000
4.000000
4.000000
4.000000
4.000000
4.000000
3.000000
3.000000
3.000000
3.000000
3.000000
3.000000
3.000000
3.000000
3.000000
3.000000
3.000000
3.000000
3.000000
3.000000
2.000000
2.000000
2.000000
2.000000
2.000000
2.000000
2.000000
2.000000
2.000000
2.000000
1.000000
3
BIOZONE 6
7 0 1
6 1 7
5 9 7
4 17 14
3 34 9
2 43 11
FACIES 33
1 0 1
7 1 1
5 2 2
1 4 1
6 5 1
1 6 1
6 7 1
7 8 1
5 9 1
6 10 4
1 14 2
6 16 3
7 19 6
8 25 2
9 27 1
10 28 1
6 29 1
7 30 1
6 31 3
7 34 1
8 35 1
7 36 1
8 37 1
6 38 1
7 39 2
8 41 2
6 43 1
7 44 2
8 46 1
9 47 2
6 49 1
9 50 3
6 53 1
SEQUENCE 5
5 0 1
4 1 28
3 29 14
2 43 10
1 53 1
31_6-2
39
538000.000000 6722500.000000 1459.900000 184.100000
5
MD 39
1459.900000
1462.400000
1470.800000
1478.500000
1487.400000
1495.100000
1496.700000
1503.850000
1504.250000
1508.850000
1521.400000
1522.200000
1526.700000
1530.500000
1544.700000
1546.700000
1550.200000
1555.600000
1561.100000
1563.600000
1567.800000
1572.900000
1574.700000
1575.600000
1577.300000
1583.600000
1587.200000
1589.000000
1590.000000
1591.000000
1598.650000
1602.500000
1605.000000
1608.600000
1610.150000
1613.850000
1615.200000
1618.300000
1644.000000
FACIES 39
2.000000
3.000000
2.000000
3.000000
2.000000
2.000000
2.000000
3.000000
2.000000
2.000000
2.000000
2.000000
2.000000
2.000000
2.000000
2.000000
2.000000
2.000000
2.000000
2.000000
2.000000
2.000000
2.000000
2.000000
2.000000
2.000000
2.000000
0.000000
0.000000
2.000000
2.000000
2.000000
2.000000
2.000000
2.000000
2.000000
2.000000
0.000000
0.000000
DISTALITY 39
2.000000
4.000000
2.000000
4.000000
2.000000
2.000000
2.000000
4.000000
2.000000
2.000000
2.000000
2.000000
2.000000
2.000000
2.000000
2.000000
2.000000
2.000000
2.000000
2.000000
2.000000
2.000000
2.000000
2.000000
2.000000
2.000000
2.000000
0.000000
0.000000
2.000000
2.000000
2.000000
2.000000
2.000000
2.000000
2.000000
2.000000
0.000000
0.000000
BIOZONE 39
0.000000
0.000000
0.000000
0.000000
0.000000
0.000000
0.000000
0.000000
0.000000
0.000000
0.000000
0.000000
0.000000
0.000000
0.000000
0.000000
0.000000
0.000000
0.000000
0.000000
0.000000
0.000000
0.000000
0.000000
0.000000
0.000000
0.000000
0.000000
0.000000
0.000000
0.000000
0.000000
0.000000
0.000000
0.000000
0.000000
0.000000
0.000000
0.000000
SEQUENCE 39
6.000000
6.000000
6.000000
6.000000
6.000000
6.000000
5.000000
5.000000
5.000000
5.000000
5.000000
4.000000
4.000000
4.000000
4.000000
4.000000
4.000000
4.000000
3.000000
3.000000
3.000000
3.000000
3.000000
3.000000
3.000000
3.000000
3.000000
3.000000
3.000000
3.000000
2.000000
2.000000
2.000000
2.000000
2.000000
2.000000
2.000000
2.000000
2.000000
3
BIOZONE 0
FACIES 8
2 0 1
3 1 1
2 2 1
3 3 1
2 4 3
3 7 1
2 8 19
2 29 8
SEQUENCE 5
6 0 6
5 6 5
4 11 7
3 18 12
2 30 9
31_6-3
68
539000.000000 6723500.000000 1495.000000 199.100000
5
MD 68
1495.000000
1508.650000
1509.000000
1512.750000
1513.000000
1519.300000
1521.650000
1528.000000
1528.600000
1533.500000
1533.850000
1536.500000
1538.100000
1539.800000
1540.200000
1542.100000
1551.800000
1552.500000
1553.400000
1556.100000
1559.800000
1565.300000
1573.100000
1573.400000
1577.900000
1580.300000
1582.500000
1584.350000
1586.700000
1592.250000
1596.500000
1598.600000
1600.500000
1602.000000
1604.100000
1605.800000
1606.650000
1607.500000
1608.050000
1610.100000
1613.800000
1615.650000
1616.600000
1617.650000
1618.450000
1622.250000
1624.550000
1628.000000
1628.300000
1629.050000
1629.200000
1633.050000
1635.650000
1637.400000
1638.550000
1642.950000
1645.050000
1645.900000
1652.400000
1653.200000
1655.700000
1659.000000
1660.250000
1661.950000
1665.300000
1668.200000
1669.750000
1694.100000
FACIES 68
1.000000
7.000000
2.000000
3.000000
2.000000
3.000000
0.000000
2.000000
0.000000
2.000000
3.000000
2.000000
2.000000
2.000000
2.000000
0.000000
2.000000
2.000000
2.000000
2.000000
2.000000
1.000000
7.000000
2.000000
2.000000
2.000000
2.000000
2.000000
2.000000
2.000000
0.000000
2.000000
1.000000
3.000000
2.000000
3.000000
2.000000
2.000000
2.000000
2.000000
2.000000
2.000000
2.000000
2.000000
2.000000
2.000000
2.000000
3.000000
2.000000
7.000000
2.000000
3.000000
3.000000
2.000000
2.000000
2.000000
3.000000
2.000000
3.000000
2.000000
2.000000
2.000000
2.000000
1.000000
1.000000
3.000000
0.000000
0.000000
DISTALITY 68
1.000000
2.000000
2.000000
4.000000
2.000000
4.000000
0.000000
2.000000
0.000000
2.000000
4.000000
2.000000
2.000000
2.000000
2.000000
0.000000
2.000000
2.000000
2.000000
2.000000
2.000000
1.000000
2.000000
2.000000
2.000000
2.000000
2.000000
2.000000
2.000000
2.000000
0.000000
2.000000
1.000000
4.000000
2.000000
4.000000
2.000000
2.000000
2.000000
2.000000
2.000000
2.000000
2.000000
2.000000
2.000000
2.000000
2.000000
4.000000
2.000000
2.000000
2.000000
4.000000
4.000000
2.000000
2.000000
2.000000
4.000000
2.000000
4.000000
2.000000
2.000000
2.000000
2.000000
1.000000
1.000000
4.000000
0.000000
0.000000
BIOZONE 68
0.000000
0.000000
0.000000
0.000000
0.000000
0.000000
0.000000
0.000000
0.000000
0.000000
0.000000
0.000000
0.000000
0.000000
0.000000
0.000000
0.000000
0.000000
0.000000
0.000000
0.000000
0.000000
0.000000
0.000000
0.000000
0.000000
0.000000
0.000000
0.000000
0.000000
0.000000
0.000000
0.000000
0.000000
0.000000
0.000000
0.000000
0.000000
0.000000
0.000000
0.000000
0.000000
0.000000
0.000000
0.000000
0.000000
0.000000
0.000000
0.000000
0.000000
0.000000
0.000000
0.000000
0.000000
0.000000
0.000000
0.000000
0.000000
0.000000
0.000000
0.000000
0.000000
0.000000
0.000000
0.000000
0.000000
0.000000
0.000000
SEQUENCE 68
8.000000
7.000000
7.000000
7.000000
7.000000
7.000000
7.000000
7.000000
7.000000
7.000000
5.000000
5.000000
5.000000
5.000000
5.000000
5.000000
5.000000
5.000000
5.000000
5.000000
5.000000
5.000000
4.000000
4.000000
4.000000
4.000000
4.000000
4.000000
4.000000
4.000000
4.000000
4.000000
4.000000
3.000000
3.000000
3.000000
3.000000
3.000000
3.000000
3.000000
3.000000
3.000000
3.000000
3.000000
3.000000
3.000000
3.000000
3.000000
3.000000
3.000000
3.000000
3.000000
3.000000
3.000000
2.000000
2.000000
2.000000
2.000000
2.000000
2.000000
2.000000
2.000000
2.000000
2.000000
2.000000
2.000000
2.000000
2.000000
3
BIOZONE 0
FACIES 32
1 0 1
7 1 1
2 2 1
3 3 1
2 4 1
3 5 1
2 7 1
2 9 1
3 10 1
2 11 4
2 16 5
1 21 1
7 22 1
2 23 7
2 31 1
1 32 1
3 33 1
2 34 1
3 35 1
2 36 11
3 47 1
2 48 1
7 49 1
2 50 1
3 51 2
2 53 3
3 56 1
2 57 1
3 58 1
2 59 4
1 63 2
3 65 1
SEQUENCE 6
8 0 1
7 1 9
5 10 12
4 22 11
3 33 21
2 54 14
31_6-5
68
544106.980000 6720730.310000 1518.000000 183.800000
5
MD 68
1518.000000
1532.100000
1534.850000
1536.800000
1538.650000
1542.450000
1546.500000
1547.200000
1551.500000
1552.500000
1553.200000
1554.350000
1555.150000
1555.500000
1555.900000
1576.600000
1580.400000
1584.000000
1586.000000
1587.500000
1590.850000
1592.300000
1595.050000
1595.400000
1597.650000
1602.900000
1606.300000
1608.700000
1610.850000
1612.650000
1615.950000
1619.450000
1621.000000
1621.300000
1624.500000
1625.400000
1628.550000
1630.500000
1633.600000
1634.700000
1636.400000
1637.300000
1638.600000
1639.100000
1639.400000
1640.300000
1643.500000
1646.450000
1648.000000
1648.200000
1650.400000
1650.700000
1655.800000
1658.400000
1658.700000
1660.600000
1661.800000
1664.400000
1665.500000
1666.900000
1671.700000
1674.000000
1677.700000
1680.900000
1685.600000
1687.750000
1689.250000
1701.800000
FACIES 68
6.000000
7.000000
1.000000
5.000000
1.000000
7.000000
5.000000
6.000000
5.000000
6.000000
7.000000
7.000000
7.000000
1.000000
6.000000
1.000000
6.000000
7.000000
5.000000
6.000000
5.000000
6.000000
2.000000
3.000000
7.000000
8.000000
9.000000
6.000000
7.000000
8.000000
7.000000
8.000000
5.000000
6.000000
2.000000
6.000000
7.000000
8.000000
6.000000
7.000000
8.000000
2.000000
3.000000
2.000000
3.000000
8.000000
6.000000
6.000000
2.000000
7.000000
2.000000
7.000000
8.000000
7.000000
6.000000
5.000000
7.000000
6.000000
5.000000
6.000000
7.000000
7.000000
8.000000
9.000000
7.000000
8.000000
8.000000
8.000000
DISTALITY 68
3.000000
3.000000
3.000000
3.000000
3.000000
3.000000
3.000000
3.000000
3.000000
3.000000
3.000000
3.000000
3.000000
3.000000
3.000000
3.000000
3.000000
3.000000
3.000000
3.000000
3.000000
3.000000
3.000000
3.000000
3.000000
3.000000
3.000000
3.000000
3.000000
3.000000
3.000000
3.000000
3.000000
3.000000
3.000000
3.000000
3.000000
3.000000
3.000000
3.000000
3.000000
3.000000
3.000000
3.000000
3.000000
3.000000
3.000000
3.000000
3.000000
3.000000
3.000000
3.000000
3.000000
3.000000
3.000000
3.000000
3.000000
3.000000
3.000000
3.000000
3.000000
3.000000
3.000000
3.000000
3.000000
3.000000
3.000000
3.000000
BIOZONE 68
7.000000
6.000000
6.000000
5.000000
5.000000
5.000000
5.000000
5.000000
5.000000
5.000000
5.000000
5.000000
5.000000
5.000000
5.000000
5.000000
5.000000
5.000000
5.000000
4.000000
4.000000
4.000000
4.000000
4.000000
4.000000
4.000000
4.000000
3.000000
3.000000
3.000000
3.000000
3.000000
3.000000
3.000000
3.000000
3.000000
3.000000
3.000000
3.000000
3.000000
3.000000
3.000000
3.000000
3.000000
3.000000
3.000000
2.000000
2.000000
2.000000
2.000000
2.000000
2.000000
2.000000
2.000000
2.000000
2.000000
2.000000
2.000000
2.000000
2.000000
2.000000
2.000000
2.000000
2.000000
2.000000
2.000000
2.000000
2.000000
SEQUENCE 68
4.000000
4.000000
4.000000
4.000000
4.000000
4.000000
4.000000
4.000000
4.000000
4.000000
4.000000
4.000000
4.000000
4.000000
4.000000
4.000000
4.000000
4.000000
4.000000
4.000000
4.000000
4.000000
4.000000
4.000000
4.000000
4.000000
4.000000
3.000000
3.000000
3.000000
3.000000
3.000000
3.000000
3.000000
3.000000
3.000000
3.000000
3.000000
3.000000
3.000000
3.000000
3.000000
3.000000
3.000000
3.000000
3.000000
2.000000
2.000000
2.000000
2.000000
2.000000
2.000000
2.000000
2.000000
2.000000
2.000000
2.000000
2.000000
2.000000
2.000000
2.000000
2.000000
2.000000
2.000000
2.000000
2.000000
2.000000
1.000000
3
BIOZONE 6
7 0 1
6 1 2
5 3 16
4 19 8
3 27 19
2 46 22
FACIES 62
6 0 1
7 1 1
1 2 1
5 3 1
1 4 1
7 5 1
5 6 1
6 7 1
5 8 1
6 9 1
7 10 3
1 13 1
6 14 1
1 15 1
6 16 1
7 17 1
5 18 1
6 19 1
5 20 1
6 21 1
2 22 1
3 23 1
7 24 1
8 25 1
9 26 1
6 27 1
7 28 1
8 29 1
7 30 1
8 31 1
5 32 1
6 33 1
2 34 1
6 35 1
7 36 1
8 37 1
6 38 1
7 39 1
8 40 1
2 41 1
3 42 1
2 43 1
3 44 1
8 45 1
6 46 2
2 48 1
7 49 1
2 50 1
7 51 1
8 52 1
7 53 1
6 54 1
5 55 1
7 56 1
6 57 1
5 58 1
6 59 1
7 60 2
8 62 1
9 63 1
7 64 1
8 65 3
SEQUENCE 4
4 0 27
3 27 19
2 46 21
1 67 1
31_6-6
57
540000.000000 6722000.000000 1552.000000 167.200000
5
MD 57
1552.000000
1556.100000
1562.900000
1564.050000
1568.350000
1570.750000
1582.200000
1582.700000
1585.850000
1592.000000
1593.900000
1595.500000
1596.000000
1598.500000
1601.000000
1603.700000
1607.000000
1613.650000
1614.950000
1616.400000
1618.800000
1631.000000
1634.500000
1637.100000
1642.400000
1642.900000
1644.000000
1647.800000
1651.600000
1652.700000
1652.850000
1656.700000
1660.050000
1660.600000
1661.100000
1664.250000
1664.550000
1669.100000
1672.500000
1676.800000
1677.900000
1681.000000
1681.100000
1682.600000
1682.850000
1685.150000
1685.950000
1689.250000
1691.900000
1695.950000
1696.300000
1705.950000
1708.500000
1710.250000
1715.150000
1718.700000
1719.200000
FACIES 57
1.000000
2.000000
2.000000
2.000000
2.000000
3.000000
2.000000
3.000000
2.000000
2.000000
2.000000
2.000000
3.000000
2.000000
2.000000
3.000000
2.000000
2.000000
2.000000
2.000000
2.000000
2.000000
2.000000
2.000000
2.000000
2.000000
2.000000
2.000000
2.000000
2.000000
3.000000
2.000000
3.000000
2.000000
2.000000
2.000000
2.000000
2.000000
2.000000
2.000000
2.000000
2.000000
2.000000
2.000000
2.000000
3.000000
2.000000
2.000000
2.000000
2.000000
2.000000
2.000000
2.000000
2.000000
2.000000
2.000000
2.000000
DISTALITY 57
1.000000
2.000000
2.000000
2.000000
2.000000
4.000000
2.000000
4.000000
2.000000
2.000000
2.000000
2.000000
4.000000
2.000000
2.000000
4.000000
2.000000
2.000000
2.000000
2.000000
2.000000
2.000000
2.000000
2.000000
2.000000
2.000000
2.000000
2.000000
2.000000
2.000000
4.000000
2.000000
4.000000
2.000000
2.000000
2.000000
2.000000
2.000000
2.000000
2.000000
2.000000
2.000000
2.000000
2.000000
2.000000
4.000000
2.000000
2.000000
2.000000
2.000000
2.000000
2.000000
2.000000
2.000000
2.000000
2.000000
2.000000
BIOZONE 57
0.000000
0.000000
0.000000
0.000000
0.000000
0.000000
0.000000
0.000000
0.000000
0.000000
0.000000
0.000000
0.000000
0.000000
0.000000
0.000000
0.000000
0.000000
0.000000
0.000000
0.000000
0.000000
0.000000
0.000000
0.000000
0.000000
0.000000
0.000000
0.000000
0.000000
0.000000
0.000000
0.000000
0.000000
0.000000
0.000000
0.000000
0.000000
0.000000
0.000000
0.000000
0.000000
0.000000
0.000000
0.000000
0.000000
0.000000
0.000000
0.000000
0.000000
0.000000
0.000000
0.000000
0.000000
0.000000
0.000000
0.000000
SEQUENCE 57
0.000000
7.000000
7.000000
7.000000
6.000000
6.000000
5.000000
5.000000
5.000000
5.000000
5.000000
5.000000
5.000000
5.000000
5.000000
5.000000
5.000000
5.000000
4.000000
4.000000
4.000000
4.000000
4.000000
3.000000
3.000000
3.000000
3.000000
3.000000
3.000000
3.000000
3.000000
3.000000
3.000000
3.000000
3.000000
3.000000
3.000000
3.000000
3.000000
3.000000
3.000000
2.000000
2.000000
2.000000
2.000000
2.000000
2.000000
2.000000
2.000000
2.000000
2.000000
2.000000
2.000000
2.000000
2.000000
2.000000
2.000000
3
BIOZONE 0
FACIES 16
1 0 1
2 1 4
3 5 1
2 6 1
3 7 1
2 8 4
3 12 1
2 13 2
3 15 1
2 16 14
3 30 1
2 31 1
3 32 1
2 33 12
3 45 1
2 46 11
SEQUENCE 6
7 1 3
6 4 2
5 6 12
4 18 5
3 23 18
2 41 16
31_6-8
66
541000.000000 6721500.000000 1503.000000 202.000000
5
MD 66
1503.000000
1505.200000
1506.900000
1508.900000
1530.000000
1537.000000
1537.700000
1543.400000
1544.000000
1544.700000
1545.600000
1551.100000
1555.000000
1555.800000
1565.000000
1568.800000
1571.050000
1571.500000
1572.900000
1573.850000
1578.900000
1581.500000
1582.250000
1590.350000
1594.500000
1599.600000
1600.600000
1602.300000
1603.000000
1603.950000
1605.400000
1609.250000
1609.600000
1610.000000
1610.800000
1611.250000
1614.450000
1617.250000
1619.450000
1622.250000
1623.000000
1625.300000
1631.600000
1637.400000
1638.650000
1640.300000
1642.250000
1642.900000
1646.000000
1646.800000
1647.500000
1648.350000
1652.200000
1654.900000
1659.200000
1663.000000
1663.500000
1663.900000
1664.500000
1667.500000
1667.800000
1668.500000
1673.000000
1675.000000
1678.000000
1705.000000
FACIES 66
1.000000
1.000000
2.000000
2.000000
3.000000
3.000000
2.000000
2.000000
3.000000
2.000000
3.000000
2.000000
2.000000
2.000000
2.000000
3.000000
3.000000
2.000000
2.000000
2.000000
2.000000
2.000000
2.000000
2.000000
1.000000
2.000000
2.000000
2.000000
2.000000
2.000000
2.000000
2.000000
2.000000
2.000000
2.000000
2.000000
2.000000
2.000000
2.000000
2.000000
2.000000
2.000000
2.000000
2.000000
2.000000
2.000000
2.000000
3.000000
3.000000
3.000000
3.000000
2.000000
2.000000
2.000000
2.000000
2.000000
2.000000
2.000000
2.000000
2.000000
2.000000
1.000000
2.000000
2.000000
1.000000
0.000000
DISTALITY 66
1.000000
1.000000
2.000000
2.000000
4.000000
4.000000
2.000000
2.000000
4.000000
2.000000
4.000000
2.000000
2.000000
2.000000
2.000000
4.000000
4.000000
2.000000
2.000000
2.000000
2.000000
2.000000
2.000000
2.000000
1.000000
2.000000
2.000000
2.000000
2.000000
2.000000
2.000000
2.000000
2.000000
2.000000
2.000000
2.000000
2.000000
2.000000
2.000000
2.000000
2.000000
2.000000
2.000000
2.000000
2.000000
2.000000
2.000000
4.000000
4.000000
4.000000
4.000000
2.000000
2.000000
2.000000
2.000000
2.000000
2.000000
2.000000
2.000000
2.000000
2.000000
1.000000
2.000000
2.000000
1.000000
0.000000
BIOZONE 66
0.000000
0.000000
0.000000
0.000000
0.000000
0.000000
0.000000
0.000000
0.000000
0.000000
0.000000
0.000000
0.000000
0.000000
0.000000
0.000000
0.000000
0.000000
0.000000
0.000000
0.000000
0.000000
0.000000
0.000000
0.000000
0.000000
0.000000
0.000000
0.000000
0.000000
0.000000
0.000000
0.000000
0.000000
0.000000
0.000000
0.000000
0.000000
0.000000
0.000000
0.000000
0.000000
0.000000
0.000000
0.000000
0.000000
0.000000
0.000000
0.000000
0.000000
0.000000
0.000000
0.000000
0.000000
0.000000
0.000000
0.000000
0.000000
0.000000
0.000000
0.000000
0.000000
0.000000
0.000000
0.000000
0.000000
SEQUENCE 66
0.000000
8.000000
6.000000
6.000000
6.000000
6.000000
5.000000
5.000000
5.000000
5.000000
5.000000
5.000000
5.000000
5.000000
5.000000
5.000000
5.000000
4.000000
4.000000
4.000000
4.000000
4.000000
4.000000
4.000000
4.000000
3.000000
3.000000
3.000000
3.000000
3.000000
3.000000
3.000000
3.000000
3.000000
3.000000
3.000000
3.000000
3.000000
3.000000
3.000000
3.000000
3.000000
2.000000
2.000000
2.000000
2.000000
2.000000
2.000000
2.000000
2.000000
2.000000
2.000000
2.000000
2.000000
2.000000
2.000000
2.000000
2.000000
2.000000
2.000000
2.000000
2.000000
2.000000
2.000000
2.000000
2.000000
3
BIOZONE 0
FACIES 17
1 0 2
2 2 2
3 4 2
2 6 2
3 8 1
2 9 1
3 10 1
2 11 4
3 15 2
2 17 7
1 24 1
2 25 22
3 47 4
2 51 10
1 61 1
2 62 2
1 64 1
SEQUENCE 6
8 1 1
6 2 4
5 6 11
4 17 8
3 25 17
2 42 24
32_4-1
21
545000.000000 6720000.000000 1239.550000 35.600000
5
MD 21
1239.550000
1240.600000
1240.900000
1242.100000
1256.000000
1257.800000
1258.650000
1258.950000
1260.650000
1261.500000
1262.200000
1262.550000
1263.000000
1266.250000
1266.800000
1266.950000
1267.600000
1267.800000
1268.900000
1270.900000
1275.150000
FACIES 21
2.000000
3.000000
2.000000
0.000000
2.000000
2.000000
3.000000
3.000000
3.000000
3.000000
3.000000
3.000000
2.000000
3.000000
0.000000
3.000000
3.000000
2.000000
2.000000
2.000000
0.000000
DISTALITY 21
2.000000
4.000000
2.000000
0.000000
2.000000
2.000000
4.000000
4.000000
4.000000
4.000000
4.000000
4.000000
2.000000
4.000000
0.000000
4.000000
4.000000
2.000000
2.000000
2.000000
0.000000
BIOZONE 21
0.000000
0.000000
0.000000
0.000000
0.000000
0.000000
0.000000
0.000000
0.000000
0.000000
0.000000
0.000000
0.000000
0.000000
0.000000
0.000000
0.000000
0.000000
0.000000
0.000000
0.000000
SEQUENCE 21
6.000000
6.000000
6.000000
6.000000
6.000000
6.000000
6.000000
6.000000
6.000000
6.000000
6.000000
6.000000
6.000000
6.000000
5.000000
5.000000
5.000000
5.000000
5.000000
5.000000
5.000000
3
BIOZONE 0
FACIES 9
2 0 1
3 1 1
2 2 1
2 4 2
3 6 6
2 12 1
3 13 1
3 15 2
2 17 3
SEQUENCE 2
6 0 14
5 14 7
END
