WeCo WellList 2
3

Well_07
37
429105.00000 6520872.00000 4607.30000 186.50000
3
DEPTH 37
    4607.30000
    4621.50000
    4636.10000
    4638.00000
    4642.80000
    4644.75000
    4646.90000
    4649.10000
    4651.10000
    4658.00000
    4663.70000
    4666.10000
    4668.00000
    4676.00000
    4678.10000
    4683.30000
    4684.70000
    4696.50000
    4697.90000
    4702.70000
    4704.20000
    4705.40000
    4725.10000
    4725.80000
    4739.00000
    4741.50000
    4742.80000
    4757.10000
    4760.50000
    4761.70000
    4762.50000
    4764.70000
    4772.00000
    4773.50000
    4790.90000
    4791.80000
    4793.80000
FACIES_1 37
    07.00000
    02.00000
    05.00000
    10.00000
    05.00000
    04.00000
    05.00000
    04.00000
    02.00000
    05.00000
    01.00000
    05.00000
    02.00000
    05.00000
    02.00000
    05.00000
    02.00000
    04.00000
    02.00000
    04.00000
    05.00000
    02.00000
    04.00000
    02.00000
    05.00000
    01.00000
    05.00000
    02.00000
    05.00000
    01.00000
    05.00000
    07.00000
    04.00000
    05.00000
    04.00000
    05.00000
    02.00000
DISTALITY 37
    05.00000
    05.00000
    05.00000
    05.00000
    05.00000
    05.00000
    05.00000
    05.00000
    05.00000
    05.00000
    05.00000
    05.00000
    05.00000
    05.00000
    05.00000
    05.00000
    05.00000
    05.00000
    05.00000
    05.00000
    05.00000
    05.00000
    05.00000
    05.00000
    05.00000
    05.00000
    05.00000
    05.00000
    05.00000
    05.00000
    05.00000
    05.00000
    05.00000
    05.00000
    05.00000
    05.00000
    05.00000
2
FACIES_1 37
    07 00 01
    02 01 01
    05 02 01
    10 03 01
    05 04 01
    04 05 01
    05 06 01
    04 07 01
    02 08 01
    05 09 01
    01 10 01
    05 11 01
    02 12 01
    05 13 01
    02 14 01
    05 15 01
    02 16 01
    04 17 01
    02 18 01
    04 19 01
    05 20 01
    02 21 01
    04 22 01
    02 23 01
    05 24 01
    01 25 01
    05 26 01
    02 27 01
    05 28 01
    01 29 01
    05 30 01
    07 31 01
    04 32 01
    05 33 01
    04 34 01
    05 35 01
    02 36 01
DISTALITY 1
    05 00 37

Well_09
31
429105.00000 6520872.00000 4474.40000 137.25000
3
DEPTH 31
    4474.40000
    4482.20000
    4487.39000
    4499.72000
    4504.49000
    4505.99000
    4506.81000
    4509.17000
    4510.89000
    4512.00000
    4514.10000
    4515.51000
    4516.80000
    4518.32000
    4520.68000
    4521.74000
    4524.50000
    4535.60000
    4536.41000
    4541.09000
    4542.07000
    4543.70000
    4544.38000
    4548.40000
    4552.48000
    4573.44000
    4587.51000
    4604.70000
    4605.33000
    4610.65000
    4612.65000
FACIES_1 31
    02.00000
    10.00000
    07.00000
    01.00000
    09.00000
    06.00000
    01.00000
    05.00000
    06.00000
    04.00000
    01.00000
    05.00000
    06.00000
    04.00000
    06.00000
    04.00000
    05.00000
    06.00000
    01.00000
    06.00000
    04.00000
    06.00000
    01.00000
    04.00000
    02.00000
    07.00000
    02.00000
    04.00000
    02.00000
    06.00000
    01.00000
DISTALITY 31
    01.00000
    01.00000
    01.00000
    01.00000
    01.00000
    01.00000
    01.00000
    01.00000
    01.00000
    01.00000
    01.00000
    01.00000
    01.00000
    01.00000
    01.00000
    01.00000
    01.00000
    01.00000
    01.00000
    01.00000
    01.00000
    01.00000
    01.00000
    01.00000
    01.00000
    01.00000
    01.00000
    01.00000
    01.00000
    01.00000
    01.00000
2
FACIES_1 31
    02 00 01
    10 01 01
    07 02 01
    01 03 01
    09 04 01
    06 05 01
    01 06 01
    05 07 01
    06 08 01
    04 09 01
    01 10 01
    05 11 01
    06 12 01
    04 13 01
    06 14 01
    04 15 01
    05 16 01
    06 17 01
    01 18 01
    06 19 01
    04 20 01
    06 21 01
    01 22 01
    04 23 01
    02 24 01
    07 25 01
    02 26 01
    04 27 01
    02 28 01
    06 29 01
    01 30 01
DISTALITY 1
    01 00 31

Well_11
84
434583.30000 6520591.50000 3854.30000 103.37000
4
DEPTH 84
    3854.30000
    3858.80000
    3859.30000
    3861.10000
    3868.00000
    3870.00000
    3871.33000
    3872.21000
    3872.85000
    3873.20000
    3873.34000
    3873.63000
    3874.23000
    3877.35000
    3880.20000
    3881.54000
    3882.10000
    3883.61000
    3884.55000
    3891.23000
    3891.58000
    3892.10000
    3893.49000
    3894.52000
    3896.28000
    3897.34000
    3898.03000
    3898.63000
    3899.00000
    3899.83000
    3900.14000
    3902.06000
    3902.93000
    3904.90000
    3906.44000
    3908.28000
    3910.50000
    3911.29000
    3911.46000
    3911.93000
    3912.11000
    3912.29000
    3913.02000
    3913.88000
    3914.81000
    3915.95000
    3917.56000
    3917.95000
    3918.47000
    3918.69000
    3919.45000
    3919.62000
    3921.25000
    3921.78000
    3922.61000
    3922.88000
    3924.06000
    3924.60000
    3924.86000
    3925.60000
    3931.90000
    3932.91000
    3933.12000
    3933.72000
    3934.54000
    3934.75000
    3936.30000
    3937.45000
    3938.44000
    3939.83000
    3940.46000
    3940.95000
    3942.35000
    3944.25000
    3945.30000
    3946.03000
    3950.25000
    3951.85000
    3952.97000
    3954.52000
    3954.95000
    3955.83000
    3956.33000
    3956.77000
FACIES_1 84
    07.00000
    04.00000
    02.00000
    07.00000
    05.00000
    12.00000
    11.00000
    12.00000
    10.00000
    12.00000
    11.00000
    10.00000
    09.00000
    07.00000
    06.00000
    05.00000
    04.00000
    01.00000
    09.00000
    07.00000
    06.00000
    01.00000
    02.00000
    01.00000
    02.00000
    03.00000
    02.00000
    03.00000
    02.00000
    01.00000
    02.00000
    01.00000
    02.00000
    01.00000
    09.00000
    08.00000
    06.00000
    08.00000
    06.00000
    05.00000
    04.00000
    03.00000
    02.00000
    01.00000
    07.00000
    06.00000
    07.00000
    05.00000
    06.00000
    07.00000
    06.00000
    07.00000
    06.00000
    05.00000
    06.00000
    05.00000
    04.00000
    01.00000
    06.00000
    07.00000
    06.00000
    05.00000
    04.00000
    03.00000
    01.00000
    02.00000
    04.00000
    02.00000
    01.00000
    04.00000
    01.00000
    01.00000
    01.00000
    01.00000
    01.00000
    03.00000
    01.00000
    03.00000
    01.00000
    02.00000
    01.00000
    03.00000
    01.00000
    04.00000
FACIES_2 84
    03.00000
    02.00000
    01.00000
    03.00000
    02.00000
    04.00000
    04.00000
    04.00000
    04.00000
    04.00000
    04.00000
    04.00000
    03.00000
    03.00000
    02.00000
    02.00000
    02.00000
    01.00000
    03.00000
    03.00000
    02.00000
    01.00000
    01.00000
    01.00000
    01.00000
    01.00000
    01.00000
    01.00000
    01.00000
    01.00000
    01.00000
    01.00000
    01.00000
    01.00000
    03.00000
    03.00000
    02.00000
    03.00000
    02.00000
    02.00000
    02.00000
    01.00000
    01.00000
    01.00000
    03.00000
    02.00000
    03.00000
    02.00000
    02.00000
    03.00000
    02.00000
    03.00000
    02.00000
    02.00000
    02.00000
    02.00000
    02.00000
    01.00000
    02.00000
    03.00000
    02.00000
    02.00000
    02.00000
    01.00000
    01.00000
    01.00000
    02.00000
    01.00000
    01.00000
    02.00000
    01.00000
    01.00000
    01.00000
    01.00000
    01.00000
    01.00000
    01.00000
    01.00000
    01.00000
    01.00000
    01.00000
    01.00000
    01.00000
    02.00000
DISTALITY 84
    04.00000
    04.00000
    04.00000
    04.00000
    04.00000
    04.00000
    04.00000
    04.00000
    04.00000
    04.00000
    04.00000
    04.00000
    04.00000
    04.00000
    04.00000
    04.00000
    04.00000
    04.00000
    04.00000
    04.00000
    04.00000
    04.00000
    04.00000
    04.00000
    04.00000
    04.00000
    04.00000
    04.00000
    04.00000
    04.00000
    04.00000
    04.00000
    04.00000
    04.00000
    04.00000
    04.00000
    04.00000
    04.00000
    04.00000
    04.00000
    04.00000
    04.00000
    04.00000
    04.00000
    04.00000
    04.00000
    04.00000
    04.00000
    04.00000
    04.00000
    04.00000
    04.00000
    04.00000
    04.00000
    04.00000
    04.00000
    04.00000
    04.00000
    04.00000
    04.00000
    04.00000
    04.00000
    04.00000
    04.00000
    04.00000
    04.00000
    04.00000
    04.00000
    04.00000
    04.00000
    04.00000
    04.00000
    04.00000
    04.00000
    04.00000
    04.00000
    04.00000
    04.00000
    04.00000
    04.00000
    04.00000
    04.00000
    04.00000
    04.00000
3
FACIES_1 84
    07 00 01
    04 01 01
    02 02 01
    07 03 01
    05 04 01
    12 05 01
    11 06 01
    12 07 01
    10 08 01
    12 09 01
    11 10 01
    10 11 01
    09 12 01
    07 13 01
    06 14 01
    05 15 01
    04 16 01
    01 17 01
    09 18 01
    07 19 01
    06 20 01
    01 21 01
    02 22 01
    01 23 01
    02 24 01
    03 25 01
    02 26 01
    03 27 01
    02 28 01
    01 29 01
    02 30 01
    01 31 01
    02 32 01
    01 33 01
    09 34 01
    08 35 01
    06 36 01
    08 37 01
    06 38 01
    05 39 01
    04 40 01
    03 41 01
    02 42 01
    01 43 01
    07 44 01
    06 45 01
    07 46 01
    05 47 01
    06 48 01
    07 49 01
    06 50 01
    07 51 01
    06 52 01
    05 53 01
    06 54 01
    05 55 01
    04 56 01
    01 57 01
    06 58 01
    07 59 01
    06 60 01
    05 61 01
    04 62 01
    03 63 01
    01 64 01
    02 65 01
    04 66 01
    02 67 01
    01 68 01
    04 69 01
    01 70 01
    01 71 01
    01 72 01
    01 73 01
    01 74 01
    03 75 01
    01 76 01
    03 77 01
    01 78 01
    02 79 01
    01 80 01
    03 81 01
    01 82 01
    04 83 01
FACIES_2 84
    03 00 01
    02 01 01
    01 02 01
    03 03 01
    02 04 01
    04 05 01
    04 06 01
    04 07 01
    04 08 01
    04 09 01
    04 10 01
    04 11 01
    03 12 01
    03 13 01
    02 14 01
    02 15 01
    02 16 01
    01 17 01
    03 18 01
    03 19 01
    02 20 01
    01 21 01
    01 22 01
    01 23 01
    01 24 01
    01 25 01
    01 26 01
    01 27 01
    01 28 01
    01 29 01
    01 30 01
    01 31 01
    01 32 01
    01 33 01
    03 34 01
    03 35 01
    02 36 01
    03 37 01
    02 38 01
    02 39 01
    02 40 01
    01 41 01
    01 42 01
    01 43 01
    03 44 01
    02 45 01
    03 46 01
    02 47 01
    02 48 01
    03 49 01
    02 50 01
    03 51 01
    02 52 01
    02 53 01
    02 54 01
    02 55 01
    02 56 01
    01 57 01
    02 58 01
    03 59 01
    02 60 01
    02 61 01
    02 62 01
    01 63 01
    01 64 01
    01 65 01
    02 66 01
    01 67 01
    01 68 01
    02 69 01
    01 70 01
    01 71 01
    01 72 01
    01 73 01
    01 74 01
    01 75 01
    01 76 01
    01 77 01
    01 78 01
    01 79 01
    01 80 01
    01 81 01
    01 82 01
    02 83 01
DISTALITY 1
    04 00 84

END