WeCo WellList 2
2
A
26
0.00000 0.00000 3913.95000 23.00000
6
DEPTH 26
    3913.95000
    3915.56000
    3915.95000
    3916.47000
    3916.69000
    3917.45000
    3917.62000
    3919.25000
    3919.78000
    3920.61000
    3920.88000
    3922.06000
    3922.60000
    3922.86000
    3923.60000
    3929.90000
    3930.91000
    3931.12000
    3931.72000
    3932.54000
    3932.75000
    3934.30000
    3935.45000
    3936.44000
    3937.83000
    3938.46000
DISTAL 26
    1.00000
    1.00000
    1.00000
    1.00000
    1.00000
    1.00000
    1.00000
    1.00000
    1.00000
    1.00000
    1.00000
    1.00000
    1.00000
    1.00000
    1.00000
    1.00000
    1.00000
    1.00000
    1.00000
    1.00000
    1.00000
    1.00000
    1.00000
    1.00000
    1.00000
    1.00000
FACIES_1 26
    5.00000
    7.00000
    6.00000
    5.00000
    7.00000
    6.00000
    7.00000
    6.00000
    5.00000
    6.00000
    5.00000
    4.00000
    1.00000
    6.00000
    7.00000
    6.00000
    5.00000
    4.00000
    3.00000
    1.00000
    2.00000
    4.00000
    2.00000
    1.00000
    4.00000
    1.00000
FACIES_2 26
    2.00000
    3.00000
    2.00000
    2.00000
    3.00000
    2.00000
    3.00000
    2.00000
    2.00000
    2.00000
    2.00000
    2.00000
    1.00000
    2.00000
    3.00000
    2.00000
    2.00000
    2.00000
    1.00000
    1.00000
    1.00000
    2.00000
    1.00000
    1.00000
    2.00000
    1.00000
FACIES_3 26
    3.00000
    3.00000
    3.00000
    3.00000
    3.00000
    3.00000
    3.00000
    3.00000
    3.00000
    3.00000
    3.00000
    2.00000
    1.00000
    3.00000
    3.00000
    3.00000
    3.00000
    2.00000
    1.00000
    1.00000
    1.00000
    2.00000
    1.00000
    1.00000
    2.00000
    1.00000
FACIES_4 26
    2.00000
    2.00000
    2.00000
    2.00000
    2.00000
    2.00000
    2.00000
    2.00000
    2.00000
    2.00000
    2.00000
    1.00000
    1.00000
    2.00000
    2.00000
    2.00000
    2.00000
    1.00000
    1.00000
    1.00000
    1.00000
    1.00000
    1.00000
    1.00000
    1.00000
    1.00000
7
DISTAL 1
    1 0 26
FACIES_1 26
    5  0 1
    7  1 1
    6  2 1
    5  3 1
    7  4 1
    6  5 1
    7  6 1
    6  7 1
    5  8 1
    6  9 1
    5 10 1
    4 11 1
    1 12 1
    6 13 1
    7 14 1
    6 15 1
    5 16 1
    4 17 1
    3 18 1
    1 19 1
    2 20 1
    4 21 1
    2 22 1
    1 23 1
    4 24 1
    1 25 1
FACIES_2 26
    2  0 1
    3  1 1
    2  2 1
    2  3 1
    3  4 1
    2  5 1
    3  6 1
    2  7 1
    2  8 1
    2  9 1
    2 10 1
    2 11 1
    1 12 1
    2 13 1
    3 14 1
    2 15 1
    2 16 1
    2 17 1
    1 18 1
    1 19 1
    1 20 1
    2 21 1
    1 22 1
    1 23 1
    2 24 1
    1 25 1
FACIES_3 26
    3  0 1
    3  1 1
    3  2 1
    3  3 1
    3  4 1
    3  5 1
    3  6 1
    3  7 1
    3  8 1
    3  9 1
    3 10 1
    2 11 1
    1 12 1
    3 13 1
    3 14 1
    3 15 1
    3 16 1
    2 17 1
    1 18 1
    1 19 1
    1 20 1
    2 21 1
    1 22 1
    1 23 1
    2 24 1
    1 25 1
FACIES_4 26
    2  0 1
    2  1 1
    2  2 1
    2  3 1
    2  4 1
    2  5 1
    2  6 1
    2  7 1
    2  8 1
    2  9 1
    2 10 1
    1 11 1
    1 12 1
    2 13 1
    2 14 1
    2 15 1
    2 16 1
    1 17 1
    1 18 1
    1 19 1
    1 20 1
    1 21 1
    1 22 1
    1 23 1
    1 24 1
    1 25 1
BIOZONES 1
    3841 10 16
SEQUENCE 3
    65 0 10
    55 10 4
    45 14 13
B
20
0.00000 0.00000 3821.99000 25.00000
6
DEPTH 20
    3821.99000
    3823.32000
    3824.53000
    3825.35000
    3826.16000
    3828.34000
    3828.82000
    3830.06000
    3830.18000
    3830.49000
    3832.00000
    3832.22000
    3832.36000
    3832.90000
    3833.02000
    3834.20000
    3834.64000
    3835.13000
    3835.81000
    3836.73000
DISTAL 20
    5.00000
    5.00000
    5.00000
    5.00000
    5.00000
    5.00000
    5.00000
    5.00000
    5.00000
    5.00000
    5.00000
    5.00000
    5.00000
    5.00000
    5.00000
    5.00000
    5.00000
    5.00000
    5.00000
    5.00000
FACIES_1 20
    6.00000
    7.00000
    6.00000
    8.00000
    6.00000
    5.00000
    4.00000
    3.00000
    1.00000
    3.00000
    2.00000
    1.00000
    6.00000
    2.00000
    1.00000
    3.00000
    2.00000
    5.00000
    4.00000
    1.00000
FACIES_2 20
    2.00000
    3.00000
    2.00000
    3.00000
    2.00000
    2.00000
    2.00000
    1.00000
    1.00000
    1.00000
    1.00000
    1.00000
    2.00000
    1.00000
    1.00000
    1.00000
    1.00000
    2.00000
    2.00000
    1.00000
FACIES_3 20
    3.00000
    3.00000
    3.00000
    3.00000
    3.00000
    3.00000
    2.00000
    1.00000
    1.00000
    1.00000
    1.00000
    1.00000
    3.00000
    1.00000
    1.00000
    1.00000
    1.00000
    3.00000
    2.00000
    1.00000
FACIES_4 20
    2.00000
    2.00000
    2.00000
    2.00000
    2.00000
    2.00000
    1.00000
    1.00000
    1.00000
    1.00000
    1.00000
    1.00000
    1.00000
    2.00000
    1.00000
    1.00000
    1.00000
    1.00000
    2.00000
    1.00000
7
DISTAL 1
    5 0 20
FACIES_1 20
    6  0 1
    7  1 1
    6  2 1
    8  3 1
    6  4 1
    5  5 1
    4  6 1
    3  7 1
    1  8 1
    3  9 1
    2 10 1
    1 11 1
    6 12 1
    2 13 1
    1 14 1
    3 15 1
    2 16 1
    5 17 1
    4 18 1
    1 19 1
FACIES_2 20
    2  0 1
    3  1 1
    2  2 1
    3  3 1
    2  4 1
    2  5 1
    2  6 1
    1  7 1
    1  8 1
    1  9 1
    1 10 1
    1 11 1
    2 12 1
    1 13 1
    1 14 1
    1 15 1
    1 16 1
    2 17 1
    2 18 1
    1 19 1
FACIES_3 20
    3  0 1
    3  1 1
    3  2 1
    3  3 1
    3  4 1
    3  5 1
    2  6 1
    1  7 1
    1  8 1
    1  9 1
    1 10 1
    1 11 1
    3 12 1
    1 13 1
    1 14 1
    1 15 1
    1 16 1
    3 17 1
    2 18 1
    1 19 1
FACIES_4 20
    2  0 1
    2  1 1
    2  2 1
    2  3 1
    2  4 1
    2  5 1
    1  6 1
    1  7 1
    1  8 1
    1  9 1
    1 10 1
    1 11 1
    1 12 1
    2 13 1
    1 14 1
    1 15 1
    1 16 1
    1 17 1
    2 18 1
    1 19 1
BIOZONES 1
    3841 0 20
SEQUENCE 3
    65 0 12
    55 12 5
    45 17 3
END