WeCo WellList 2
7

Well_03
23
429625.80000 6526963.86000 4523.10000 244.70000
3
DEPTH 23
    4523.10000
    4527.00000
    4529.00000
    4541.40000
    4546.00000
    4547.60000
    4551.70000
    4554.30000
    4556.90000
    4560.40000
    4573.70000
    4575.50000
    4587.70000
    4592.00000
    4595.00000
    4633.00000
    4671.00000
    4675.50000
    4679.00000
    4692.00000
    4702.00000
    4756.30000
    4767.80000
FACIES 23
    07.00000
    05.00000
    01.00000
    05.00000
    09.00000
    05.00000
    04.00000
    05.00000
    04.00000
    01.00000
    05.00000
    01.00000
    07.00000
    01.00000
    07.00000
    01.00000
    05.00000
    01.00000
    07.00000
    05.00000
    01.00000
    05.00000
    05.00000
DISTALITY 23
    03.00000
    03.00000
    03.00000
    03.00000
    03.00000
    03.00000
    03.00000
    03.00000
    03.00000
    03.00000
    03.00000
    03.00000
    03.00000
    03.00000
    03.00000
    03.00000
    03.00000
    03.00000
    03.00000
    03.00000
    03.00000
    03.00000
    03.00000
2
FACIES 23
    07 00 01
    05 01 01
    02 02 01
    05 03 01
    09 04 01
    05 05 01
    04 06 01
    05 07 01
    04 08 01
    02 09 01
    05 10 01
    02 11 01
    07 12 01
    01 13 01
    07 14 01
    02 15 01
    05 16 01
    01 17 01
    07 18 01
    05 19 01
    02 20 01
    05 21 01
    05 22 01
DISTALITY 1
    03 00 23

Well_01
20
426158.89000 6524112.64000 4985.80000 146.20000
3
DEPTH 20
    4985.80000
    4999.50000
    5001.20000
    5024.00000
    5029.50000
    5046.70000
    5049.10000
    5060.60000
    5067.20000
    5071.30000
    5076.90000
    5086.70000
    5092.50000
    5096.30000
    5101.00000
    5109.70000
    5112.60000
    5114.90000
    5116.90000
    5132.00000
FACIES 20
    07.00000
    05.00000
    01.00000
    10.00000
    05.00000
    04.00000
    01.00000
    05.00000
    01.00000
    04.00000
    01.00000
    05.00000
    01.00000
    05.00000
    01.00000
    04.00000
    01.00000
    04.00000
    01.00000
    01.00000
DISTALITY 20
    03.00000
    03.00000
    03.00000
    03.00000
    03.00000
    03.00000
    03.00000
    03.00000
    03.00000
    03.00000
    03.00000
    03.00000
    03.00000
    03.00000
    03.00000
    03.00000
    03.00000
    03.00000
    03.00000
    03.00000
2
FACIES 20
    07 00 01
    05 01 01
    02 02 01
    10 03 01
    05 04 01
    04 05 01
    02 06 01
    05 07 01
    01 08 01
    04 09 01
    02 10 01
    05 11 01
    01 12 01
    05 13 01
    02 14 01
    04 15 01
    01 16 01
    04 17 01
    02 18 01
    02 19 01
DISTALITY 1
    03 00 20

Well_07
38
429105.00000 6520872.00000 4607.30000 210.70000
3
DEPTH 38
    4607.30000
    4621.50000
    4636.10000
    4638.00000
    4642.80000
    4644.75000
    4646.90000
    4649.10000
    4651.10000
    4658.00000
    4663.70000
    4666.10000
    4668.00000
    4676.00000
    4678.10000
    4683.30000
    4684.70000
    4696.50000
    4697.90000
    4702.70000
    4704.20000
    4705.40000
    4725.10000
    4725.80000
    4739.00000
    4741.50000
    4742.80000
    4757.10000
    4760.50000
    4761.70000
    4762.50000
    4764.70000
    4772.00000
    4773.50000
    4790.90000
    4791.80000
    4793.80000
    4818.00000
FACIES 38
    07.00000
    01.00000
    05.00000
    10.00000
    05.00000
    04.00000
    05.00000
    04.00000
    01.00000
    05.00000
    01.00000
    05.00000
    01.00000
    05.00000
    01.00000
    05.00000
    01.00000
    04.00000
    01.00000
    04.00000
    05.00000
    01.00000
    04.00000
    01.00000
    05.00000
    01.00000
    05.00000
    01.00000
    05.00000
    01.00000
    05.00000
    07.00000
    04.00000
    05.00000
    04.00000
    05.00000
    01.00000
    01.00000
DISTALITY 38
    03.00000
    03.00000
    03.00000
    03.00000
    03.00000
    03.00000
    03.00000
    03.00000
    03.00000
    03.00000
    03.00000
    03.00000
    03.00000
    03.00000
    03.00000
    03.00000
    03.00000
    03.00000
    03.00000
    03.00000
    03.00000
    03.00000
    03.00000
    03.00000
    03.00000
    03.00000
    03.00000
    03.00000
    03.00000
    03.00000
    03.00000
    03.00000
    03.00000
    03.00000
    03.00000
    03.00000
    03.00000
    03.00000
2
FACIES 38
    07 00 01
    02 01 01
    05 02 01
    10 03 01
    05 04 01
    04 05 01
    05 06 01
    04 07 01
    02 08 01
    05 09 01
    01 10 01
    05 11 01
    02 12 01
    05 13 01
    02 14 01
    05 15 01
    02 16 01
    04 17 01
    01 18 01
    04 19 01
    05 20 01
    02 21 01
    04 22 01
    02 23 01
    05 24 01
    01 25 01
    05 26 01
    01 27 01
    05 28 01
    01 29 01
    05 30 01
    07 31 01
    04 32 01
    05 33 01
    04 34 01
    05 35 01
    02 36 01
    02 37 01
DISTALITY 1
    03 00 38

Well_09
30
429105.00000 6520872.00000 4474.40000 136.25000
3
DEPTH 30
    4474.40000
    4482.20000
    4487.39000
    4499.72000
    4504.49000
    4505.99000
    4506.81000
    4509.17000
    4510.89000
    4512.00000
    4514.10000
    4515.51000
    4516.80000
    4518.32000
    4520.68000
    4521.74000
    4524.50000
    4535.60000
    4536.41000
    4541.09000
    4542.07000
    4543.70000
    4544.38000
    4548.40000
    4552.48000
    4573.44000
    4587.51000
    4604.70000
    4605.33000
    4610.65000
FACIES 30
    01.00000
    10.00000
    07.00000
    01.00000
    09.00000
    06.00000
    01.00000
    05.00000
    06.00000
    04.00000
    01.00000
    05.00000
    06.00000
    04.00000
    06.00000
    04.00000
    05.00000
    06.00000
    01.00000
    06.00000
    04.00000
    06.00000
    01.00000
    04.00000
    01.00000
    07.00000
    01.00000
    04.00000
    01.00000
    06.00000
DISTALITY 30
    01.00000
    05.00000
    05.00000
    05.00000
    05.00000
    05.00000
    05.00000
    05.00000
    05.00000
    05.00000
    05.00000
    05.00000
    05.00000
    05.00000
    05.00000
    05.00000
    05.00000
    05.00000
    05.00000
    05.00000
    05.00000
    05.00000
    05.00000
    05.00000
    05.00000
    05.00000
    05.00000
    05.00000
    05.00000
    05.00000
2
FACIES 30
    01 00 01
    10 01 01
    07 02 01
    01 03 01
    09 04 01
    06 05 01
    01 06 01
    05 07 01
    06 08 01
    04 09 01
    01 10 01
    05 11 01
    06 12 01
    04 13 01
    06 14 01
    04 15 01
    05 16 01
    06 17 01
    01 18 01
    06 19 01
    04 20 01
    06 21 01
    01 22 01
    04 23 01
    02 24 01
    07 25 01
    02 26 01
    04 27 01
    02 28 01
    06 29 01
DISTALITY 2
    01 00 01
    05 01 29

Well_11
85
434583.30000 6520591.50000 3854.30000 104.40000
3
DEPTH 85
    3854.30000
    3858.80000
    3859.30000
    3861.10000
    3868.00000
    3870.00000
    3871.33000
    3872.21000
    3872.85000
    3873.20000
    3873.34000
    3873.63000
    3874.23000
    3877.35000
    3880.20000
    3881.54000
    3882.10000
    3883.61000
    3884.55000
    3891.23000
    3891.58000
    3892.10000
    3893.49000
    3894.52000
    3896.28000
    3897.34000
    3898.03000
    3898.63000
    3899.00000
    3899.83000
    3900.14000
    3902.06000
    3902.93000
    3904.90000
    3906.44000
    3908.28000
    3910.50000
    3911.29000
    3911.46000
    3911.93000
    3912.11000
    3912.29000
    3913.02000
    3913.88000
    3914.81000
    3915.95000
    3917.56000
    3917.95000
    3918.47000
    3918.69000
    3919.45000
    3919.62000
    3921.25000
    3921.78000
    3922.61000
    3922.88000
    3924.06000
    3924.60000
    3924.86000
    3925.60000
    3931.90000
    3932.91000
    3933.12000
    3933.72000
    3934.54000
    3934.75000
    3936.30000
    3937.45000
    3938.44000
    3939.83000
    3940.46000
    3940.95000
    3942.35000
    3944.25000
    3945.30000
    3946.03000
    3950.25000
    3951.85000
    3952.97000
    3954.52000
    3954.95000
    3955.83000
    3956.33000
    3956.77000
    3958.70000
FACIES 85
    07.00000
    04.00000
    01.00000
    07.00000
    05.00000
    12.00000
    11.00000
    12.00000
    10.00000
    12.00000
    11.00000
    10.00000
    09.00000
    07.00000
    06.00000
    05.00000
    04.00000
    01.00000
    09.00000
    07.00000
    06.00000
    01.00000
    01.00000
    01.00000
    01.00000
    01.00000
    01.00000
    01.00000
    01.00000
    01.00000
    01.00000
    01.00000
    01.00000
    01.00000
    09.00000
    08.00000
    06.00000
    08.00000
    06.00000
    05.00000
    04.00000
    01.00000
    01.00000
    01.00000
    07.00000
    06.00000
    07.00000
    05.00000
    06.00000
    07.00000
    06.00000
    07.00000
    06.00000
    05.00000
    06.00000
    05.00000
    04.00000
    01.00000
    06.00000
    07.00000
    06.00000
    05.00000
    04.00000
    01.00000
    01.00000
    01.00000
    04.00000
    01.00000
    01.00000
    04.00000
    01.00000
    01.00000
    01.00000
    01.00000
    01.00000
    01.00000
    01.00000
    01.00000
    01.00000
    01.00000
    01.00000
    01.00000
    01.00000
    04.00000
    04.00000
DISTALITY 85
    04.00000
    04.00000
    04.00000
    04.00000
    04.00000
    04.00000
    04.00000
    04.00000
    04.00000
    04.00000
    04.00000
    04.00000
    04.00000
    04.00000
    04.00000
    04.00000
    04.00000
    04.00000
    04.00000
    04.00000
    04.00000
    04.00000
    04.00000
    04.00000
    04.00000
    04.00000
    04.00000
    04.00000
    04.00000
    04.00000
    04.00000
    04.00000
    04.00000
    04.00000
    04.00000
    04.00000
    04.00000
    04.00000
    04.00000
    04.00000
    04.00000
    04.00000
    04.00000
    04.00000
    04.00000
    04.00000
    04.00000
    04.00000
    04.00000
    04.00000
    04.00000
    04.00000
    04.00000
    04.00000
    04.00000
    04.00000
    04.00000
    04.00000
    04.00000
    04.00000
    04.00000
    04.00000
    04.00000
    04.00000
    04.00000
    04.00000
    04.00000
    04.00000
    04.00000
    04.00000
    04.00000
    01.00000
    01.00000
    01.00000
    01.00000
    01.00000
    01.00000
    01.00000
    01.00000
    01.00000
    01.00000
    01.00000
    01.00000
    01.00000
    01.00000
2
FACIES 85
    07 00 01
    04 01 01
    02 02 01
    07 03 01
    05 04 01
    12 05 01
    11 06 01
    12 07 01
    10 08 01
    12 09 01
    11 10 01
    10 11 01
    09 12 01
    07 13 01
    06 14 01
    05 15 01
    04 16 01
    01 17 01
    09 18 01
    07 19 01
    06 20 01
    01 21 01
    02 22 01
    01 23 01
    02 24 01
    03 25 01
    02 26 01
    03 27 01
    02 28 01
    01 29 01
    02 30 01
    01 31 01
    02 32 01
    01 33 01
    09 34 01
    08 35 01
    06 36 01
    08 37 01
    06 38 01
    05 39 01
    04 40 01
    03 41 01
    02 42 01
    01 43 01
    07 44 01
    06 45 01
    07 46 01
    05 47 01
    06 48 01
    07 49 01
    06 50 01
    07 51 01
    06 52 01
    05 53 01
    06 54 01
    05 55 01
    04 56 01
    01 57 01
    06 58 01
    07 59 01
    06 60 01
    05 61 01
    04 62 01
    03 63 01
    01 64 01
    02 65 01
    04 66 01
    02 67 01
    01 68 01
    04 69 01
    01 70 01
    01 71 01
    01 72 01
    01 73 01
    01 74 01
    03 75 01
    01 76 01
    03 77 01
    01 78 01
    02 79 01
    01 80 01
    03 81 01
    01 82 01
    04 83 01
    04 84 01
DISTALITY 2
    04 00 71
    01 71 14

Well_04
25
435502.74000 6520489.03000 3789.00000 67.00000
3
DEPTH 25
    3789.00000
    3790.40000
    3792.75000
    3793.40000
    3795.40000
    3799.60000
    3809.30000
    3813.50000
    3817.70000
    3819.60000
    3824.00000
    3826.60000
    3828.05000
    3830.10000
    3830.95000
    3832.80000
    3834.00000
    3834.80000
    3842.00000
    3844.50000
    3846.40000
    3847.45000
    3850.00000
    3854.60000
    3856.00000
FACIES 25
    07.00000
    01.00000
    12.00000
    08.00000
    12.00000
    08.00000
    12.00000
    07.00000
    01.00000
    09.00000
    07.00000
    04.00000
    01.00000
    08.00000
    01.00000
    07.00000
    04.00000
    01.00000
    07.00000
    01.00000
    07.00000
    04.00000
    09.00000
    04.00000
    04.00000
DISTALITY 25
    05.00000
    05.00000
    05.00000
    05.00000
    05.00000
    05.00000
    05.00000
    05.00000
    05.00000
    05.00000
    05.00000
    05.00000
    05.00000
    05.00000
    05.00000
    05.00000
    05.00000
    05.00000
    01.00000
    01.00000
    01.00000
    01.00000
    01.00000
    01.00000
    01.00000
2
FACIES 25
    07 00 01
    02 01 01
    12 02 01
    08 03 01
    12 04 01
    08 05 01
    12 06 01
    07 07 01
    01 08 01
    09 09 01
    07 10 01
    04 11 01
    01 12 01
    08 13 01
    01 14 01
    07 15 01
    04 16 01
    01 17 01
    07 18 01
    01 19 01
    07 20 01
    04 21 01
    09 22 01
    04 23 01
    04 24 01
DISTALITY 2
    05 00 18
    01 18 07

Well_05
18
433105.22000 6517057.34000 3931.00000 101.90000
3
DEPTH 18
    3935.00000
    3938.60000
    3947.95000
    3951.60000
    3961.25000
    3965.45000
    3968.30000
    3980.40000
    3980.95000
    3982.35000
    3984.70000
    3987.80000
    3988.95000
    3990.95000
    3997.10000
    3998.00000
    4022.15000
    4025.50000
FACIES 18
    09.00000
    12.00000
    09.00000
    12.00000
    09.00000
    12.00000
    05.00000
    07.00000
    05.00000
    07.00000
    05.00000
    01.00000
    05.00000
    01.00000
    05.00000
    01.00000
    05.00000
    05.00000
DISTALITY 18
    05.00000
    05.00000
    05.00000
    05.00000
    05.00000
    05.00000
    05.00000
    05.00000
    05.00000
    05.00000
    05.00000
    05.00000
    05.00000
    05.00000
    05.00000
    05.00000
    05.00000
    05.00000
2
FACIES 18
    09 00 01
    12 01 01
    09 02 01
    12 03 01
    09 04 01
    12 05 01
    05 06 01
    07 07 01
    05 08 01
    07 09 01
    05 10 01
    01 11 01
    05 12 01
    02 13 01
    05 14 01
    02 15 01
    05 16 01
    05 17 01
DISTALITY 1
    05 00 18

END