WeCo WellList 2
2

Well_11
84
434583.30000 6520591.50000 3854.30000 103.37000
1
DEPTH 84
    3854.30000
    3858.80000
    3859.30000
    3861.10000
    3868.00000
    3870.00000
    3871.33000
    3872.21000
    3872.85000
    3873.20000
    3873.34000
    3873.63000
    3874.23000
    3877.35000
    3880.20000
    3881.54000
    3882.10000
    3883.61000
    3884.55000
    3891.23000
    3891.58000
    3892.10000
    3893.49000
    3894.52000
    3896.28000
    3897.34000
    3898.03000
    3898.63000
    3899.00000
    3899.83000
    3900.14000
    3902.06000
    3902.93000
    3904.90000
    3906.44000
    3908.28000
    3910.50000
    3911.29000
    3911.46000
    3911.93000
    3912.11000
    3912.29000
    3913.02000
    3913.88000
    3914.81000
    3915.95000
    3917.56000
    3917.95000
    3918.47000
    3918.69000
    3919.45000
    3919.62000
    3921.25000
    3921.78000
    3922.61000
    3922.88000
    3924.06000
    3924.60000
    3924.86000
    3925.60000
    3931.90000
    3932.91000
    3933.12000
    3933.72000
    3934.54000
    3934.75000
    3936.30000
    3937.45000
    3938.44000
    3939.83000
    3940.46000
    3940.95000
    3942.35000
    3944.25000
    3945.30000
    3946.03000
    3950.25000
    3951.85000
    3952.97000
    3954.52000
    3954.95000
    3955.83000
    3956.33000
    3956.77000
5
FACIES 84
    07 00 01
    04 01 01
    02 02 01
    07 03 01
    05 04 01
    12 05 01
    11 06 01
    12 07 01
    10 08 01
    12 09 01
    11 10 01
    10 11 01
    09 12 01
    07 13 01
    06 14 01
    05 15 01
    04 16 01
    01 17 01
    09 18 01
    07 19 01
    06 20 01
    01 21 01
    02 22 01
    01 23 01
    02 24 01
    03 25 01
    02 26 01
    03 27 01
    02 28 01
    01 29 01
    02 30 01
    01 31 01
    02 32 01
    01 33 01
    09 34 01
    08 35 01
    06 36 01
    08 37 01
    06 38 01
    05 39 01
    04 40 01
    03 41 01
    02 42 01
    01 43 01
    07 44 01
    06 45 01
    07 46 01
    05 47 01
    06 48 01
    07 49 01
    06 50 01
    07 51 01
    06 52 01
    05 53 01
    06 54 01
    05 55 01
    04 56 01
    01 57 01
    06 58 01
    07 59 01
    06 60 01
    05 61 01
    04 62 01
    03 63 01
    01 64 01
    02 65 01
    04 66 01
    02 67 01
    01 68 01
    04 69 01
    01 70 01
    01 71 01
    01 72 01
    01 73 01
    01 74 01
    03 75 01
    01 76 01
    03 77 01
    01 78 01
    02 79 01
    01 80 01
    03 81 01
    01 82 01
    04 83 01
DISTALITY 1
    04 00 84
BIOZONES 3
    6 00 19
    4 46 24
    1 73 11
BIOGAPS 2
    6 19 27
    4 70 03
PARASEQUENCE 1
    01 00 84

Well_12
143
436711.99400 6516451.67700 3652.00000 94.40000
1
DEPTH 144
    3652.00000
    3654.00000
    3654.12000
    3655.16000
    3655.69000
    3658.05000
    3662.97000
    3664.40000
    3665.72000
    3666.69000
    3667.24000
    3668.11000
    3668.90000
    3670.06000
    3670.40000
    3671.70000
    3672.38000
    3672.78000
    3673.74000
    3674.12000
    3674.61000
    3675.17000
    3675.49000
    3677.06000
    3677.67000
    3677.89000
    3678.30000
    3679.92000
    3681.35000
    3681.77000
    3683.02000
    3683.63000
    3683.95000
    3686.40000
    3686.51000
    3686.70000
    3687.00000
    3687.23000
    3688.72000
    3689.59000
    3690.30000
    3690.70000
    3691.35000
    3691.54000
    3692.18000
    3692.81000
    3692.90000
    3693.10000
    3693.76000
    3694.14000
    3694.65000
    3694.95000
    3695.32000
    3696.45000
    3696.70000
    3697.51000
    3699.89000
    3700.14000
    3700.77000
    3701.76000
    3702.10000
    3702.83000
    3703.40000
    3704.60000
    3705.40000
    3706.40000
    3706.81000
    3708.11000
    3708.62000
    3708.66000
    3708.82000
    3709.04000
    3709.13000
    3709.72000
    3709.93000
    3710.22000
    3711.37000
    3711.65000
    3711.90000
    3712.05000
    3713.86000
    3714.25000
    3714.53000
    3714.89000
    3714.96000
    3715.40000
    3718.31000
    3718.40000
    3718.46000
    3718.52000
    3718.67000
    3719.40000
    3720.15000
    3720.27000
    3720.35000
    3721.00000
    3721.34000
    3721.69000
    3722.34000
    3722.61000
    3722.80000
    3722.93000
    3723.18000
    3724.34000
    3725.56000
    3725.60000
    3725.95000
    3726.57000
    3728.63000
    3730.87000
    3731.41000
    3731.79000
    3732.20000
    3732.55000
    3733.00000
    3733.58000
    3735.00000
    3735.22000
    3735.90000
    3736.10000
    3736.12000
    3736.42000
    3736.50000
    3736.65000
    3736.76000
    3736.81000
    3736.90000
    3736.96000
    3737.05000
    3738.81000
    3738.89000
    3739.10000
    3741.30000
    3741.50000
    3741.85000
    3742.20000
    3743.83000
    3744.25000
    3744.55000
    3744.70000
    3745.20000
    3745.40000
    3747.20000
    3747.0000
5
FACIES 143
    07 000 01
    11 001 01
    07 002 01
    06 003 01
    01 004 01
    09 005 01
    11 006 01
    09 007 01
    10 008 01
    02 009 01
    07 010 01
    06 011 01
    05 012 01
    07 013 01
    06 014 01
    05 015 01
    06 016 01
    05 017 01
    04 018 01
    01 019 01
    08 020 01
    07 021 01
    06 022 01
    05 023 01
    04 024 01
    08 025 01
    07 026 01
    06 027 01
    05 028 01
    06 029 01
    05 030 01
    04 031 01
    02 032 01
    01 033 01
    02 034 01
    01 035 01
    02 036 01
    06 037 01
    07 038 01
    06 039 01
    05 040 01
    04 041 01
    01 042 01
    04 043 01
    02 044 01
    01 045 01
    03 046 01
    02 047 01
    01 048 01
    02 049 01
    01 050 01
    03 051 01
    12 052 01
    11 053 01
    07 054 01
    06 055 01
    02 056 01
    01 057 01
    07 058 01
    06 059 01
    07 060 01
    06 061 01
    01 062 01
    07 063 01
    06 064 01
    05 065 01
    07 066 01
    06 067 01
    05 068 01
    12 069 01
    06 070 01
    12 071 01
    07 072 01
    06 073 01
    05 074 01
    07 075 01
    06 076 01
    05 077 01
    03 078 01
    07 079 01
    06 080 01
    05 081 01
    04 082 01
    03 083 01
    12 084 01
    06 085 01
    10 086 01
    06 087 01
    10 088 01
    06 089 01
    10 090 01
    06 091 01
    03 092 01
    06 093 01
    01 094 01
    03 095 01
    01 096 01
    03 097 01
    02 098 01
    01 099 01
    02 100 01
    03 101 01
    02 102 01
    01 103 01
    04 104 01
    03 105 01
    08 106 01
    07 107 01
    06 108 01
    05 109 01
    04 110 01
    02 111 01
    01 112 01
    02 113 01
    01 114 01
    02 115 01
    01 116 01
    03 117 01
    02 118 01
    01 119 01
    03 120 01
    01 121 01
    03 122 01
    01 123 01
    02 124 01
    03 125 01
    01 126 01
    03 127 01
    02 128 01
    01 129 01
    02 130 01
    03 131 01
    01 132 01
    03 133 01
    01 134 01
    02 135 01
    01 136 01
    02 137 01
    01 138 01
    02 139 01
    06 140 01
    02 141 01
    12 142 02
DISTALITY 1
    05 00 144
BIOZONES 3
    4 000 50
    3 066 46
    2 117 26
BIOGAPS 2
    4 050 16
    3 111 06
PARASEQUENCE 12
    125 000 05
    115 005 05
    105 010 10 
    095 020 05
    085 025 11
    075 036 15
    065 051 07
    055 058 05
    045 063 41
    035 104 11
    025 115 15
    015 130 14

END