WeCo WellList 2
3

Well_01
19
426158.89000 6524112.64000 4985.80000 131.10000
3
DEPTH 19
    4985.80000
    4999.50000
    5001.20000
    5024.00000
    5029.50000
    5046.70000
    5049.10000
    5060.60000
    5067.20000
    5071.30000
    5076.90000
    5086.70000
    5092.50000
    5096.30000
    5101.00000
    5109.70000
    5112.60000
    5114.90000
    5116.90000
FACIES_1 19
    07.00000
    05.00000
    02.00000
    10.00000
    05.00000
    04.00000
    02.00000
    05.00000
    01.00000
    04.00000
    02.00000
    05.00000
    01.00000
    05.00000
    02.00000
    04.00000
    01.00000
    04.00000
    02.00000
DISTALITY 19
    04.00000
    04.00000
    04.00000
    04.00000
    04.00000
    04.00000
    04.00000
    04.00000
    04.00000
    04.00000
    04.00000
    04.00000
    04.00000
    04.00000
    04.00000
    04.00000
    04.00000
    04.00000
    04.00000
2
FACIES_1 19
    07 00 01
    05 01 01
    02 02 01
    10 03 01
    05 04 01
    04 05 01
    02 06 01
    05 07 01
    01 08 01
    04 09 01
    02 10 01
    05 11 01
    01 12 01
    05 13 01
    02 14 01
    04 15 01
    01 16 01
    04 17 01
    02 18 01
DISTALITY 1
    04 00 19

Well_07
37
429105.00000 6520872.00000 4607.30000 186.50000
3
DEPTH 37
    4607.30000
    4621.50000
    4636.10000
    4638.00000
    4642.80000
    4644.75000
    4646.90000
    4649.10000
    4651.10000
    4658.00000
    4663.70000
    4666.10000
    4668.00000
    4676.00000
    4678.10000
    4683.30000
    4684.70000
    4696.50000
    4697.90000
    4702.70000
    4704.20000
    4705.40000
    4725.10000
    4725.80000
    4739.00000
    4741.50000
    4742.80000
    4757.10000
    4760.50000
    4761.70000
    4762.50000
    4764.70000
    4772.00000
    4773.50000
    4790.90000
    4791.80000
    4793.80000
FACIES_1 37
    07.00000
    02.00000
    05.00000
    10.00000
    05.00000
    04.00000
    05.00000
    04.00000
    02.00000
    05.00000
    01.00000
    05.00000
    02.00000
    05.00000
    02.00000
    05.00000
    02.00000
    04.00000
    02.00000
    04.00000
    05.00000
    02.00000
    04.00000
    02.00000
    05.00000
    01.00000
    05.00000
    02.00000
    05.00000
    01.00000
    05.00000
    07.00000
    04.00000
    05.00000
    04.00000
    05.00000
    02.00000
DISTALITY 37
    05.00000
    05.00000
    05.00000
    05.00000
    05.00000
    05.00000
    05.00000
    05.00000
    05.00000
    05.00000
    05.00000
    05.00000
    05.00000
    05.00000
    05.00000
    05.00000
    05.00000
    05.00000
    05.00000
    05.00000
    05.00000
    05.00000
    05.00000
    05.00000
    05.00000
    05.00000
    05.00000
    05.00000
    05.00000
    05.00000
    05.00000
    05.00000
    05.00000
    05.00000
    05.00000
    05.00000
    05.00000
2
FACIES_1 37
    07 00 01
    02 01 01
    05 02 01
    10 03 01
    05 04 01
    04 05 01
    05 06 01
    04 07 01
    02 08 01
    05 09 01
    01 10 01
    05 11 01
    02 12 01
    05 13 01
    02 14 01
    05 15 01
    02 16 01
    04 17 01
    02 18 01
    04 19 01
    05 20 01
    02 21 01
    04 22 01
    02 23 01
    05 24 01
    01 25 01
    05 26 01
    02 27 01
    05 28 01
    01 29 01
    05 30 01
    07 31 01
    04 32 01
    05 33 01
    04 34 01
    05 35 01
    02 36 01
DISTALITY 1
    05 00 37

Well_03
22
429625.80000 6526963.86000 4523.10000 233.20000
3
DEPTH 22
    4523.10000
    4527.00000
    4529.00000
    4541.40000
    4546.00000
    4547.60000
    4551.70000
    4554.30000
    4556.90000
    4560.40000
    4573.70000
    4575.50000
    4587.70000
    4592.00000
    4595.00000
    4633.00000
    4671.00000
    4675.50000
    4679.00000
    4692.00000
    4702.00000
    4756.30000
FACIES_1 22
    07.00000
    05.00000
    02.00000
    05.00000
    10.00000
    05.00000
    04.00000
    05.00000
    04.00000
    02.00000
    05.00000
    02.00000
    07.00000
    01.00000
    07.00000
    02.00000
    05.00000
    01.00000
    07.00000
    05.00000
    02.00000
    05.00000
DISTALITY 22
    05.00000
    05.00000
    05.00000
    05.00000
    05.00000
    05.00000
    05.00000
    05.00000
    05.00000
    05.00000
    05.00000
    05.00000
    05.00000
    05.00000
    05.00000
    05.00000
    05.00000
    05.00000
    05.00000
    05.00000
    05.00000
    05.00000
2
FACIES_1 22
    07 00 01
    05 01 01
    02 02 01
    05 03 01
    10 04 01
    05 05 01
    04 06 01
    05 07 01
    04 08 01
    02 09 01
    05 10 01
    02 11 01
    07 12 01
    01 13 01
    07 14 01
    02 15 01
    05 16 01
    01 17 01
    07 18 01
    05 19 01
    02 20 01
    05 21 01
DISTALITY 1
    05 00 22

END