WellIds: 0 1 2
Node 0 ( 0 0 0 )
Node 1 ( 1 0 0 )
  -> 0 (0.325609)
Node 2 ( 2 0 0 )
  -> 1 (0.307185)
Node 3 ( 3 0 0 )
  -> 2 (0.282892)
Node 4 ( 4 0 0 )
  -> 3 (0.254126)
Node 5 ( 5 0 0 )
  -> 4 (0.222526)
Node 6 ( 6 0 0 )
  -> 5 (0.189877)
Node 7 ( 7 0 0 )
  -> 6 (0.158008)
Node 8 ( 8 0 0 )
  -> 7 (0.128662)
Node 9 ( 9 0 0 )
  -> 8 (0.10341)
Node 10 ( 10 0 0 )
  -> 9 (0.0835478)
Node 11 ( 11 1 0 )
  -> 10 (0.0530446)
Node 12 ( 12 2 0 )
  -> 11 (0.0292804)
Node 13 ( 13 3 0 )
  -> 12 (0.0126299)
Node 14 ( 14 4 0 )
  -> 13 (0.00302953)
Node 15 ( 15 5 0 )
  -> 14 (0)
Node 16 ( 16 6 1 )
  -> 15 (0)
Node 17 ( 17 7 2 )
  -> 16 (0)
Node 18 ( 18 8 3 )
  -> 17 (0)
Node 19 ( 19 9 4 )
  -> 18 (0)
Node 20 ( 20 10 5 )
  -> 19 (0)
Node 21 ( 21 11 6 )
  -> 20 (0)
Node 22 ( 22 12 7 )
  -> 21 (0)
Node 23 ( 23 13 8 )
  -> 22 (4.44089e-16)
Node 24 ( 23 13 9 )
  -> 23 (1.38338e-05)
Node 25 ( 23 14 8 )
  -> 23 (1.38338e-05)
Node 26 ( 23 14 9 )
  -> 23 (1.38338e-05)
Node 27 ( 24 13 8 )
  -> 23 (1.38338e-05)
Node 28 ( 24 13 9 )
  -> 23 (1.38338e-05)
Node 29 ( 24 14 8 )
  -> 23 (1.38338e-05)
Node 30 ( 24 14 9 )
  -> 25 (0)
  -> 27 (0)
  -> 24 (0)
  -> 29 (0)
  -> 26 (0)
  -> 28 (0)
  -> 23 (0)
Node 31 ( 24 14 10 )
  -> 30 (1.38338e-05)
Node 32 ( 24 15 9 )
  -> 30 (1.38338e-05)
Node 33 ( 24 15 10 )
  -> 30 (1.38338e-05)
Node 34 ( 25 14 9 )
  -> 30 (1.38338e-05)
Node 35 ( 25 14 10 )
  -> 30 (1.38338e-05)
Node 36 ( 25 15 9 )
  -> 30 (1.38338e-05)
Node 37 ( 25 15 10 )
  -> 35 (4.44089e-16)
  -> 36 (4.44089e-16)
  -> 33 (4.44089e-16)
  -> 31 (4.44089e-16)
  -> 34 (4.44089e-16)
  -> 32 (4.44089e-16)
  -> 30 (4.44089e-16)
Node 38 ( 26 16 11 )
  -> 37 (0)
Node 39 ( 27 17 12 )
  -> 38 (0)
Node 40 ( 28 18 13 )
  -> 39 (0)
Node 41 ( 29 19 14 )
  -> 40 (0)
Node 42 ( 30 20 15 )
  -> 41 (0)
Node 43 ( 31 21 16 )
  -> 42 (0)
Node 44 ( 32 22 17 )
  -> 43 (0)
Node 45 ( 33 23 18 )
  -> 44 (0)
Node 46 ( 34 24 19 )
  -> 45 (0)
Node 47 ( 35 25 20 )
  -> 46 (0)
Node 48 ( 36 26 21 )
  -> 47 (0)
Node 49 ( 37 27 22 )
  -> 48 (0)
Node 50 ( 38 28 23 )
  -> 49 (0)
Node 51 ( 39 29 24 )
  -> 50 (0)
Node 52 ( 40 30 25 )
  -> 51 (0)
Node 53 ( 41 31 26 )
  -> 52 (0)
Node 54 ( 42 32 27 )
  -> 53 (0)
Node 55 ( 43 33 28 )
  -> 54 (0)
Node 56 ( 44 34 29 )
  -> 55 (0)
Node 57 ( 45 35 30 )
  -> 56 (0)
Node 58 ( 46 36 31 )
  -> 57 (0)
Node 59 ( 47 37 32 )
  -> 58 (0)
Node 60 ( 48 38 33 )
  -> 59 (4.44089e-16)
Node 61 ( 48 38 34 )
  -> 60 (1.38338e-05)
Node 62 ( 48 39 33 )
  -> 60 (1.38338e-05)
Node 63 ( 48 39 34 )
  -> 60 (1.38338e-05)
Node 64 ( 49 38 33 )
  -> 60 (1.38338e-05)
Node 65 ( 49 38 34 )
  -> 60 (1.38338e-05)
Node 66 ( 49 39 33 )
  -> 60 (1.38338e-05)
Node 67 ( 49 39 34 )
  -> 61 (0)
  -> 64 (0)
  -> 62 (0)
  -> 65 (0)
  -> 66 (0)
  -> 63 (0)
  -> 60 (0)
Node 68 ( 49 39 35 )
  -> 67 (1.38338e-05)
Node 69 ( 49 40 34 )
  -> 67 (1.38338e-05)
Node 70 ( 49 40 35 )
  -> 67 (1.38338e-05)
Node 71 ( 50 39 34 )
  -> 67 (1.38338e-05)
Node 72 ( 50 39 35 )
  -> 67 (1.38338e-05)
Node 73 ( 50 40 34 )
  -> 67 (1.38338e-05)
Node 74 ( 50 40 35 )
  -> 72 (4.44089e-16)
  -> 73 (4.44089e-16)
  -> 70 (4.44089e-16)
  -> 71 (4.44089e-16)
  -> 68 (4.44089e-16)
  -> 69 (4.44089e-16)
  -> 67 (4.44089e-16)
Node 75 ( 51 41 36 )
  -> 74 (0)
Node 76 ( 52 42 37 )
  -> 75 (0)
Node 77 ( 53 43 38 )
  -> 76 (0)
Node 78 ( 54 44 39 )
  -> 77 (0)
Node 79 ( 55 45 40 )
  -> 78 (0)
Node 80 ( 56 46 41 )
  -> 79 (0)
Node 81 ( 57 47 42 )
  -> 80 (0)
Node 82 ( 58 48 43 )
  -> 81 (0)
Node 83 ( 59 49 44 )
  -> 82 (0)
Node 84 ( 60 50 45 )
  -> 83 (0)
Node 85 ( 61 51 46 )
  -> 84 (0)
Node 86 ( 62 52 47 )
  -> 85 (0)
Node 87 ( 63 53 48 )
  -> 86 (0)
Node 88 ( 64 54 49 )
  -> 87 (0)
Node 89 ( 65 55 50 )
  -> 88 (0)
Node 90 ( 66 56 51 )
  -> 89 (0)
Node 91 ( 67 57 52 )
  -> 90 (0)
Node 92 ( 68 58 53 )
  -> 91 (0)
Node 93 ( 69 59 54 )
  -> 92 (0)
Node 94 ( 70 60 55 )
  -> 93 (0)
Node 95 ( 71 61 56 )
  -> 94 (0)
Node 96 ( 72 62 57 )
  -> 95 (0)
Node 97 ( 73 63 58 )
  -> 96 (4.44089e-16)
Node 98 ( 73 63 59 )
  -> 97 (1.38338e-05)
Node 99 ( 73 64 58 )
  -> 97 (1.38338e-05)
Node 100 ( 73 64 59 )
  -> 97 (1.38338e-05)
Node 101 ( 74 63 58 )
  -> 97 (1.38338e-05)
Node 102 ( 74 63 59 )
  -> 97 (1.38338e-05)
Node 103 ( 74 64 58 )
  -> 97 (1.38338e-05)
Node 104 ( 74 64 59 )
  -> 98 (0)
  -> 99 (0)
  -> 101 (0)
  -> 103 (0)
  -> 100 (0)
  -> 102 (0)
  -> 97 (0)
Node 105 ( 74 64 60 )
  -> 104 (1.38338e-05)
Node 106 ( 74 65 59 )
  -> 104 (1.38338e-05)
Node 107 ( 74 65 60 )
  -> 104 (1.38338e-05)
Node 108 ( 75 64 59 )
  -> 103 (1.38338e-05)
  -> 104 (1.38338e-05)
Node 109 ( 75 64 60 )
  -> 104 (1.38338e-05)
Node 110 ( 75 65 59 )
  -> 104 (1.38338e-05)
Node 111 ( 75 65 60 )
  -> 107 (4.44089e-16)
  -> 109 (4.44089e-16)
  -> 110 (4.44089e-16)
  -> 105 (4.44089e-16)
  -> 106 (4.44089e-16)
  -> 108 (4.44089e-16)
  -> 104 (4.44089e-16)
Node 112 ( 76 66 61 )
  -> 111 (0)
Node 113 ( 77 67 62 )
  -> 112 (0)
Node 114 ( 78 68 63 )
  -> 113 (0)
Node 115 ( 79 69 64 )
  -> 114 (0)
Node 116 ( 80 70 65 )
  -> 115 (0)
Node 117 ( 81 71 66 )
  -> 116 (0)
Node 118 ( 82 72 67 )
  -> 117 (0)
Node 119 ( 83 73 68 )
  -> 118 (0)
Node 120 ( 84 74 69 )
  -> 119 (0)
Node 121 ( 85 75 70 )
  -> 120 (0)
Node 122 ( 86 76 71 )
  -> 121 (0)
Node 123 ( 87 77 72 )
  -> 122 (0)
Node 124 ( 88 78 73 )
  -> 123 (0)
Node 125 ( 89 79 74 )
  -> 124 (0)
Node 126 ( 90 80 75 )
  -> 125 (0)
Node 127 ( 91 81 76 )
  -> 126 (0)
Node 128 ( 92 82 77 )
  -> 127 (0)
Node 129 ( 93 83 78 )
  -> 128 (0)
Node 130 ( 94 84 79 )
  -> 129 (0)
Node 131 ( 95 85 80 )
  -> 130 (0)
Node 132 ( 96 86 81 )
  -> 131 (0)
Node 133 ( 96 87 82 )
  -> 132 (0.000334542)
Node 134 ( 96 88 83 )
  -> 133 (0.00086334)
Node 135 ( 96 89 84 )
  -> 134 (0.00109574)
Node 136 ( 96 90 85 )
  -> 135 (0.00086334)
Node 137 ( 96 91 86 )
  -> 136 (0.000334542)
Node 138 ( 96 92 87 )
  -> 137 (0)
Node 139 ( 96 92 88 )
  -> 138 (0.000635342)
Node 140 ( 96 93 88 )
  -> 138 (0.000635342)
Node 141 ( 96 93 89 )
  -> 139 (0.00244111)
  -> 140 (0.00244111)
Node 142 ( 96 94 90 )
  -> 141 (0.00681285)
Node 143 ( 96 94 91 )
  -> 142 (0.0143893)
Node 144 ( 96 95 92 )
  -> 143 (0.0258694)
Node 145 ( 96 96 93 )
  -> 144 (0.042698)
Node 146 ( 96 96 94 )
  -> 145 (0.064296)
Node 147 ( 96 96 95 )
  -> 146 (0.0932409)
Node 148 ( 96 96 96 )
  -> 147 (0.129705)
Node 149 ( 97 97 97 )
  -> 148 (0.178816)
Node 150 ( 98 98 98 )
  -> 149 (0.231988)
Node 151 ( 99 99 99 )
  -> 150 (0.285884)
