WellIds: 0 1 2 3 4 5 6 7 8 9
Node 0 ( 0 0 0 0 0 0 0 0 0 0 )
Node 1 ( 0 0 1 1 1 1 1 0 0 0 )
  -> 0 (349.494)
Node 2 ( 0 0 2 2 1 2 2 1 0 1 )
  -> 1 (426.968)
Node 3 ( 0 0 3 3 2 2 2 2 0 2 )
  -> 2 (401.675)
Node 4 ( 0 0 3 3 2 2 2 3 1 3 )
  -> 3 (336.997)
Node 5 ( 0 0 3 3 2 3 2 3 2 3 )
  -> 4 (353.265)
Node 6 ( 0 0 3 3 2 4 3 4 3 4 )
  -> 5 (140.779)
Node 7 ( 0 0 3 3 2 5 4 5 4 5 )
  -> 6 (418.774)
Node 8 ( 0 0 3 3 2 6 5 6 5 5 )
  -> 7 (358.454)
Node 9 ( 0 0 3 3 2 7 6 7 6 6 )
  -> 8 (390.964)
Node 10 ( 0 0 3 3 2 8 7 8 7 6 )
  -> 9 (487.334)
Node 11 ( 0 0 3 3 2 9 7 9 7 6 )
  -> 10 (546.723)
Node 12 ( 0 0 3 3 2 10 8 10 8 6 )
  -> 11 (253.279)
Node 13 ( 0 0 3 3 2 10 9 10 9 6 )
  -> 12 (278.121)
Node 14 ( 0 0 3 3 2 10 10 10 10 7 )
  -> 13 (205.224)
Node 15 ( 0 0 3 3 2 10 11 10 10 8 )
  -> 14 (223.49)
Node 16 ( 0 0 3 3 2 10 12 11 11 9 )
  -> 15 (75.6715)
Node 17 ( 0 0 3 3 2 11 13 12 11 9 )
  -> 16 (51.6874)
Node 18 ( 0 0 3 3 2 12 13 12 11 9 )
  -> 17 (38.26)
Node 19 ( 0 0 3 3 2 13 13 13 12 9 )
  -> 18 (91.2676)
Node 20 ( 0 0 3 3 2 14 13 14 13 9 )
  -> 19 (55.1361)
Node 21 ( 0 0 3 3 2 14 13 15 14 9 )
  -> 20 (46.4159)
Node 22 ( 0 0 3 3 2 15 14 16 15 10 )
  -> 21 (200.535)
Node 23 ( 0 0 3 3 2 15 14 17 15 10 )
  -> 22 (202.347)
Node 24 ( 0 0 3 3 2 16 15 18 16 11 )
  -> 23 (53.72)
Node 25 ( 0 0 3 3 2 16 15 18 17 12 )
  -> 24 (77.3892)
Node 26 ( 0 0 3 3 2 16 15 18 18 12 )
  -> 25 (72.0319)
Node 27 ( 0 0 3 3 2 16 15 18 19 12 )
  -> 26 (72.4796)
Node 28 ( 0 0 3 3 2 16 15 18 20 13 )
  -> 27 (86.1084)
Node 29 ( 0 0 3 3 2 16 15 18 21 14 )
  -> 28 (53.3387)
Node 30 ( 0 0 3 3 2 16 15 18 22 15 )
  -> 29 (59.1735)
Node 31 ( 0 0 3 3 2 16 15 18 23 16 )
  -> 30 (79.0527)
Node 32 ( 0 0 3 3 2 16 15 18 24 17 )
  -> 31 (98.3336)
Node 33 ( 0 0 3 3 2 16 15 18 25 18 )
  -> 32 (57.9511)
Node 34 ( 0 1 4 4 3 16 16 19 25 19 )
  -> 33 (49.1072)
Node 35 ( 1 1 5 4 4 16 17 19 26 20 )
  -> 34 (62.7982)
Node 36 ( 2 2 6 5 5 17 18 20 27 21 )
  -> 35 (68.9259)
Node 37 ( 2 2 6 5 5 17 18 20 27 22 )
  -> 36 (58.3661)
Node 38 ( 2 2 6 5 5 18 18 20 27 23 )
  -> 37 (64.3936)
Node 39 ( 2 2 6 5 5 19 19 21 27 24 )
  -> 38 (203.199)
Node 40 ( 2 2 6 5 5 20 20 22 28 25 )
  -> 39 (68.6135)
Node 41 ( 3 3 6 6 6 21 21 23 29 26 )
  -> 40 (42.0596)
Node 42 ( 3 4 6 6 7 21 21 24 29 27 )
  -> 41 (61.4561)
Node 43 ( 4 5 7 7 8 22 22 25 30 28 )
  -> 42 (43.8521)
Node 44 ( 4 6 7 7 9 22 23 26 31 29 )
  -> 43 (88.1287)
Node 45 ( 5 7 8 7 10 23 24 27 31 30 )
  -> 44 (83.8991)
Node 46 ( 5 7 9 7 11 23 24 27 31 31 )
  -> 45 (90.8055)
Node 47 ( 5 7 10 7 12 24 25 28 31 32 )
  -> 46 (56.3219)
Node 48 ( 5 7 10 8 13 24 25 28 31 32 )
  -> 47 (92.0848)
Node 49 ( 5 8 10 9 14 24 25 28 31 32 )
  -> 48 (83.6431)
Node 50 ( 5 9 11 10 15 24 25 28 31 32 )
  -> 49 (30.6895)
Node 51 ( 5 10 12 10 15 24 25 28 31 32 )
  -> 50 (34.9224)
Node 52 ( 6 11 13 10 15 24 25 28 31 32 )
  -> 51 (33.1782)
Node 53 ( 7 12 14 10 16 24 25 28 31 32 )
  -> 52 (49.154)
Node 54 ( 8 13 14 10 16 24 25 28 31 32 )
  -> 53 (45.2993)
Node 55 ( 9 14 15 11 17 24 25 28 31 32 )
  -> 54 (121.275)
Node 56 ( 10 15 16 12 17 24 25 28 31 32 )
  -> 55 (174.693)
Node 57 ( 10 15 17 12 17 24 25 28 31 32 )
  -> 56 (195.523)
Node 58 ( 10 15 18 12 17 24 25 28 31 32 )
  -> 57 (184.462)
Node 59 ( 11 16 19 13 18 24 25 28 31 32 )
  -> 58 (51.2903)
Node 60 ( 12 16 19 14 19 24 25 28 31 32 )
  -> 59 (83.5488)
Node 61 ( 12 16 19 15 19 24 25 28 31 32 )
  -> 60 (84.7199)
Node 62 ( 12 16 19 16 19 24 25 28 31 32 )
  -> 61 (91.3895)
Node 63 ( 13 16 20 17 20 24 25 28 31 32 )
  -> 62 (146.205)
Node 64 ( 14 16 20 18 20 25 26 29 32 33 )
  -> 63 (329.227)
Node 65 ( 14 16 20 19 21 25 26 29 33 33 )
  -> 64 (314.79)
Node 66 ( 14 16 20 20 22 25 26 29 34 34 )
  -> 65 (219.238)
Node 67 ( 15 17 20 21 23 26 27 30 34 35 )
  -> 66 (370.823)
Node 68 ( 15 17 20 22 24 27 28 31 34 36 )
  -> 67 (226.85)
Node 69 ( 15 17 20 22 25 27 29 32 34 37 )
  -> 68 (265.25)
Node 70 ( 16 18 21 23 26 28 30 33 35 38 )
  -> 69 (685.128)
Node 71 ( 17 18 22 24 26 28 31 34 35 39 )
  -> 70 (982.931)
Node 72 ( 18 19 22 25 26 28 32 34 35 40 )
  -> 71 (746.696)
Node 73 ( 18 20 22 26 26 28 33 34 35 40 )
  -> 72 (848.415)
Node 74 ( 19 21 22 27 26 29 34 35 36 41 )
  -> 73 (470.564)
Node 75 ( 20 22 23 28 26 29 34 35 36 41 )
  -> 74 (724.156)
Node 76 ( 21 23 24 29 27 30 35 36 37 42 )
  -> 75 (747.077)
Node 77 ( 22 23 24 30 28 30 35 37 38 43 )
  -> 76 (732.707)
Node 78 ( 22 23 25 31 29 30 35 38 39 44 )
  -> 77 (678.663)
Node 79 ( 23 23 26 32 30 31 36 39 40 45 )
  -> 78 (669.163)
Node 80 ( 23 23 26 32 31 32 37 40 41 46 )
  -> 79 (1097.87)
Node 81 ( 23 23 27 32 32 32 37 41 42 47 )
  -> 80 (1086.91)
Node 82 ( 24 23 28 32 33 33 37 41 43 48 )
  -> 81 (862.962)
Node 83 ( 25 24 29 33 34 34 38 42 43 49 )
  -> 82 (675.33)
Node 84 ( 25 25 30 33 34 35 39 43 44 50 )
  -> 83 (305.069)
Node 85 ( 25 25 30 33 34 35 39 44 44 51 )
  -> 84 (321.042)
Node 86 ( 25 25 30 33 34 35 39 44 44 52 )
  -> 85 (317.064)
Node 87 ( 25 25 30 33 34 36 39 45 45 53 )
  -> 86 (450.902)
Node 88 ( 25 25 30 33 34 37 39 45 46 53 )
  -> 87 (375.607)
Node 89 ( 25 25 30 33 34 38 39 45 47 53 )
  -> 88 (434.529)
Node 90 ( 25 25 30 33 34 39 40 46 48 54 )
  -> 89 (176.148)
Node 91 ( 25 25 30 33 34 40 41 46 49 54 )
  -> 90 (171.02)
Node 92 ( 25 25 30 33 34 40 42 46 50 54 )
  -> 91 (153.4)
Node 93 ( 25 25 30 33 34 40 43 46 51 55 )
  -> 92 (253.75)
Node 94 ( 25 25 30 33 34 40 44 47 52 56 )
  -> 93 (373.442)
Node 95 ( 25 25 30 33 34 41 45 47 52 56 )
  -> 94 (346.454)
Node 96 ( 26 26 31 34 35 42 46 48 53 57 )
  -> 95 (163.724)
Node 97 ( 26 27 31 34 36 42 46 49 54 57 )
  -> 96 (139.039)
Node 98 ( 26 27 31 34 37 43 46 50 55 57 )
  -> 97 (137.038)
Node 99 ( 26 27 31 34 38 43 46 51 56 57 )
  -> 98 (117.222)
Node 100 ( 26 28 32 35 39 43 46 51 56 57 )
  -> 99 (175.49)
Node 101 ( 26 29 32 36 39 43 46 51 56 57 )
  -> 100 (176.657)
Node 102 ( 26 30 32 37 40 43 46 51 56 57 )
  -> 101 (219.578)
Node 103 ( 26 30 33 37 41 43 46 51 56 57 )
  -> 102 (196.172)
Node 104 ( 27 30 34 38 42 43 46 51 56 57 )
  -> 103 (212.59)
Node 105 ( 28 31 35 39 43 44 47 52 57 58 )
  -> 104 (48.9641)
Node 106 ( 28 31 35 40 43 44 47 52 58 59 )
  -> 105 (109.945)
Node 107 ( 29 32 36 41 43 45 48 52 59 60 )
  -> 106 (26.7835)
Node 108 ( 29 32 37 42 44 46 49 53 60 61 )
  -> 107 (176.903)
Node 109 ( 29 32 37 42 44 46 50 54 61 62 )
  -> 108 (63.0138)
Node 110 ( 29 32 37 42 44 47 51 54 61 62 )
  -> 109 (53.6276)
Node 111 ( 29 32 37 42 44 48 51 54 62 63 )
  -> 110 (78.7107)
Node 112 ( 29 33 38 42 45 49 52 54 63 64 )
  -> 111 (82.2512)
Node 113 ( 29 33 38 42 45 50 52 54 64 65 )
  -> 112 (51.0283)
Node 114 ( 29 33 38 42 45 50 52 55 64 66 )
  -> 113 (60.8166)
Node 115 ( 29 33 38 42 45 50 52 56 65 67 )
  -> 114 (87.1736)
Node 116 ( 29 33 38 42 45 50 52 57 65 67 )
  -> 115 (101.685)
Node 117 ( 29 33 38 42 45 51 52 58 65 67 )
  -> 116 (101.468)
Node 118 ( 29 33 38 42 45 52 53 59 65 68 )
  -> 117 (194.125)
Node 119 ( 29 33 38 42 45 53 54 60 66 69 )
  -> 118 (48.404)
Node 120 ( 29 33 38 42 45 53 55 60 66 69 )
  -> 119 (53.8372)
Node 121 ( 29 33 38 42 45 53 56 61 67 70 )
  -> 120 (74.0473)
Node 122 ( 29 33 38 42 45 53 57 61 67 71 )
  -> 121 (58.5622)
Node 123 ( 29 33 38 42 45 54 58 61 67 72 )
  -> 122 (64.023)
Node 124 ( 29 33 38 42 45 55 59 62 67 73 )
  -> 123 (155.218)
Node 125 ( 29 33 38 42 45 55 59 63 67 74 )
  -> 124 (143.952)
Node 126 ( 29 33 38 42 45 55 59 64 67 75 )
  -> 125 (124.379)
Node 127 ( 29 33 38 42 45 55 59 64 67 76 )
  -> 126 (140.09)
Node 128 ( 29 33 38 42 45 55 60 65 68 77 )
  -> 127 (88.5016)
Node 129 ( 29 33 38 42 45 56 61 66 69 78 )
  -> 128 (56.0279)
Node 130 ( 29 33 38 42 45 56 61 67 70 79 )
  -> 129 (50.7076)
Node 131 ( 29 33 38 42 45 57 61 67 70 80 )
  -> 130 (105.5)
Node 132 ( 29 33 38 42 45 58 62 68 71 81 )
  -> 131 (36.0682)
Node 133 ( 29 33 38 42 45 58 62 69 71 81 )
  -> 132 (44.8766)
Node 134 ( 29 33 38 42 45 58 62 70 71 81 )
  -> 133 (42.3857)
Node 135 ( 29 33 38 42 45 59 63 71 71 81 )
  -> 134 (48.8237)
Node 136 ( 29 34 39 43 46 60 64 72 72 82 )
  -> 135 (39.8812)
Node 137 ( 29 34 39 43 46 61 65 73 73 83 )
  -> 136 (30.2888)
Node 138 ( 29 34 39 43 46 61 65 73 74 84 )
  -> 137 (31.6963)
Node 139 ( 29 34 39 43 46 62 65 73 74 84 )
  -> 137 (29.4667)
Node 140 ( 29 34 39 43 46 62 65 74 75 84 )
  -> 138 (38.4056)
  -> 139 (40.4056)
Node 141 ( 29 34 39 43 46 62 65 75 76 84 )
  -> 140 (42.7588)
Node 142 ( 29 34 39 43 46 62 65 76 77 85 )
  -> 141 (49.5141)
Node 143 ( 29 34 39 43 46 62 65 77 77 86 )
  -> 142 (38.4852)
Node 144 ( 29 34 39 43 46 63 65 78 77 86 )
  -> 143 (38.8145)
Node 145 ( 29 34 39 43 46 64 66 79 78 87 )
  -> 144 (51.0873)
Node 146 ( 29 34 39 43 46 65 67 79 79 88 )
  -> 145 (37.9761)
Node 147 ( 29 34 39 43 46 65 68 79 80 88 )
  -> 146 (44.1785)
Node 148 ( 29 34 39 43 46 65 68 79 81 89 )
  -> 147 (36.5006)
Node 149 ( 29 34 39 43 46 66 69 80 82 90 )
  -> 148 (48.9479)
Node 150 ( 29 34 39 43 46 66 70 81 83 91 )
  -> 149 (44.0971)
Node 151 ( 29 34 39 44 47 67 71 82 83 92 )
  -> 150 (36.2719)
Node 152 ( 29 35 40 45 48 68 72 83 84 93 )
  -> 151 (66.1359)
Node 153 ( 29 35 40 45 48 69 73 83 85 94 )
  -> 152 (73.9357)
Node 154 ( 29 35 40 45 48 69 74 83 85 94 )
  -> 153 (68.5873)
Node 155 ( 29 35 40 45 48 70 75 83 85 94 )
  -> 154 (43.6171)
Node 156 ( 29 35 40 45 48 70 76 83 85 94 )
  -> 155 (48.1692)
Node 157 ( 30 36 41 46 49 70 77 84 86 94 )
  -> 156 (108.801)
Node 158 ( 30 36 42 46 49 71 78 84 87 95 )
  -> 157 (64.2261)
Node 159 ( 31 37 43 46 50 72 79 85 88 96 )
  -> 158 (52.6569)
Node 160 ( 31 37 43 46 50 73 79 85 88 97 )
  -> 159 (75.7301)
Node 161 ( 32 38 43 46 51 74 80 85 89 98 )
  -> 160 (35.1579)
Node 162 ( 33 39 43 46 52 75 80 85 90 99 )
  -> 161 (32.5104)
Node 163 ( 33 39 43 46 53 75 80 85 91 99 )
  -> 162 (35.6806)
Node 164 ( 33 39 43 46 54 75 80 85 92 99 )
  -> 163 (112.325)
Node 165 ( 34 40 44 47 55 76 81 86 93 100 )
  -> 164 (33.8876)
Node 166 ( 35 41 45 47 56 76 81 87 94 101 )
  -> 165 (27.1627)
Node 167 ( 35 41 46 48 57 76 81 87 94 101 )
  -> 166 (49.5396)
Node 168 ( 35 42 47 49 58 77 82 88 95 102 )
  -> 167 (27.7108)
Node 169 ( 35 42 47 50 58 78 82 88 95 102 )
  -> 168 (46.204)
Node 170 ( 36 43 47 51 59 79 83 89 96 103 )
  -> 169 (41.353)
Node 171 ( 37 44 47 52 60 79 83 90 96 103 )
  -> 170 (38.9501)
Node 172 ( 38 45 48 53 61 79 83 91 97 103 )
  -> 171 (44.4131)
Node 173 ( 38 45 49 54 62 79 83 91 97 103 )
  -> 172 (27.5267)
Node 174 ( 39 45 49 54 63 80 84 91 98 104 )
  -> 173 (42.0325)
Node 175 ( 40 46 50 55 64 80 84 91 99 105 )
  -> 174 (25.8498)
Node 176 ( 40 47 51 56 64 80 84 91 100 106 )
  -> 175 (25.0928)
Node 177 ( 40 47 51 57 64 80 84 91 101 107 )
  -> 176 (27.1588)
Node 178 ( 41 48 52 58 65 81 85 92 102 108 )
  -> 177 (25.3236)
Node 179 ( 42 49 52 59 65 81 85 93 103 109 )
  -> 178 (22.0113)
Node 180 ( 42 49 52 60 65 81 85 93 103 109 )
  -> 179 (31.6116)
Node 181 ( 42 50 52 61 65 81 85 93 103 109 )
  -> 180 (39.5057)
Node 182 ( 43 51 52 62 66 81 86 94 104 110 )
  -> 181 (25.0351)
Node 183 ( 43 51 53 63 67 81 86 95 104 111 )
  -> 182 (39.0966)
Node 184 ( 44 52 54 64 68 82 87 96 105 112 )
  -> 183 (38.1641)
Node 185 ( 44 52 54 64 69 82 87 97 105 113 )
  -> 184 (39.2093)
Node 186 ( 44 52 55 64 70 82 87 97 105 113 )
  -> 185 (64.9384)
Node 187 ( 45 52 56 65 71 82 87 97 105 113 )
  -> 186 (21.903)
Node 188 ( 45 52 57 65 72 82 87 97 105 113 )
  -> 187 (27.8235)
Node 189 ( 45 52 57 66 73 82 87 97 105 113 )
  -> 188 (25.6839)
Node 190 ( 45 52 57 67 74 82 87 97 105 114 )
  -> 189 (30.518)
Node 191 ( 46 53 58 68 75 83 88 98 106 115 )
  -> 190 (14.9941)
Node 192 ( 46 53 59 69 75 84 89 99 107 116 )
  -> 191 (50.3024)
Node 193 ( 46 53 60 70 76 85 90 99 107 116 )
  -> 192 (70.6332)
Node 194 ( 47 54 61 70 77 85 91 99 107 116 )
  -> 193 (117.913)
Node 195 ( 47 54 62 70 78 85 92 100 108 116 )
  -> 194 (99.5766)
Node 196 ( 48 55 63 71 79 86 93 101 109 117 )
  -> 195 (71.3264)
Node 197 ( 49 56 64 72 79 87 93 101 109 117 )
  -> 196 (124.268)
Node 198 ( 50 57 65 73 80 88 94 102 110 118 )
  -> 197 (259.261)
Node 199 ( 51 58 66 73 80 89 95 103 110 118 )
  -> 198 (234.977)
Node 200 ( 51 58 67 74 81 89 96 104 111 119 )
  -> 199 (224.845)
Node 201 ( 51 58 67 75 81 90 97 105 112 120 )
  -> 200 (165.555)
Node 202 ( 51 58 67 75 81 91 97 105 113 121 )
  -> 201 (174.756)
Node 203 ( 51 58 68 76 82 92 98 106 114 122 )
  -> 202 (85.9436)
Node 204 ( 52 59 68 77 83 92 98 107 114 122 )
  -> 203 (181.834)
Node 205 ( 53 60 68 78 83 92 98 107 114 122 )
  -> 204 (80.0924)
Node 206 ( 54 61 69 79 84 92 98 108 115 123 )
  -> 205 (92.1052)
Node 207 ( 54 62 70 80 85 93 98 109 115 124 )
  -> 206 (107.635)
Node 208 ( 54 62 70 80 85 93 98 109 115 125 )
  -> 207 (111.873)
Node 209 ( 54 62 70 80 85 93 98 109 116 126 )
  -> 208 (147.558)
Node 210 ( 54 62 70 80 85 94 99 110 117 127 )
  -> 209 (45.3403)
Node 211 ( 54 62 70 80 85 94 99 111 117 127 )
  -> 210 (46.7507)
Node 212 ( 54 62 70 80 85 95 100 112 118 128 )
  -> 211 (30.1722)
Node 213 ( 54 62 70 80 85 95 100 112 118 129 )
  -> 212 (39.1323)
Node 214 ( 54 62 70 80 85 95 100 113 118 130 )
  -> 213 (62.5577)
Node 215 ( 54 62 70 80 85 96 101 114 119 131 )
  -> 214 (147.697)
Node 216 ( 54 62 70 80 85 96 102 115 120 132 )
  -> 215 (52.6147)
Node 217 ( 54 62 70 80 85 96 103 115 121 133 )
  -> 216 (100.173)
Node 218 ( 54 62 70 80 85 96 104 115 121 133 )
  -> 217 (70.5345)
Node 219 ( 54 62 70 80 85 96 105 115 121 133 )
  -> 218 (72.7532)
Node 220 ( 54 62 70 80 85 96 106 115 121 134 )
  -> 219 (143.898)
Node 221 ( 54 62 70 80 85 97 107 116 122 135 )
  -> 220 (38.861)
Node 222 ( 54 62 70 80 85 97 107 116 123 135 )
  -> 221 (51.7253)
Node 223 ( 54 62 70 80 85 97 107 116 124 135 )
  -> 222 (46.4486)
Node 224 ( 54 62 70 80 85 97 107 116 125 135 )
  -> 223 (47.7601)
Node 225 ( 54 62 70 80 85 97 107 116 126 135 )
  -> 224 (44.5645)
Node 226 ( 54 62 70 80 85 97 107 116 127 135 )
  -> 225 (45.6979)
Node 227 ( 54 63 71 81 86 98 108 117 128 136 )
  -> 226 (44.3477)
Node 228 ( 54 63 71 81 86 98 108 118 129 136 )
  -> 227 (55.8035)
Node 229 ( 54 63 71 81 86 98 109 119 130 136 )
  -> 228 (72.066)
Node 230 ( 54 63 71 81 86 99 110 120 131 137 )
  -> 229 (55.4105)
Node 231 ( 54 63 72 81 87 100 111 121 132 138 )
  -> 230 (56.8967)
Node 232 ( 54 63 72 81 87 100 112 121 133 139 )
  -> 231 (112.328)
Node 233 ( 54 63 72 81 87 100 113 121 133 140 )
  -> 232 (98.6388)
Node 234 ( 54 63 73 81 88 101 114 122 134 141 )
  -> 233 (31.3591)
Node 235 ( 54 63 73 81 88 102 114 123 135 141 )
  -> 234 (25.0265)
Node 236 ( 54 63 73 81 88 103 115 123 136 142 )
  -> 235 (32.2091)
Node 237 ( 54 63 73 81 88 104 116 124 137 143 )
  -> 236 (29.0265)
Node 238 ( 54 63 73 81 88 104 116 125 138 144 )
  -> 237 (25.4807)
Node 239 ( 54 63 73 81 88 105 117 126 139 145 )
  -> 238 (50.2705)
Node 240 ( 55 64 73 81 89 106 118 127 140 146 )
  -> 239 (23.4098)
Node 241 ( 55 64 73 81 89 107 118 128 140 147 )
  -> 240 (38.5715)
Node 242 ( 55 64 73 81 89 108 118 129 140 148 )
  -> 241 (40.8091)
Node 243 ( 55 64 73 81 89 109 118 130 140 149 )
  -> 242 (34.7813)
Node 244 ( 55 64 73 81 89 110 118 130 140 150 )
  -> 243 (45.4346)
Node 245 ( 55 64 73 81 89 110 118 131 141 151 )
  -> 244 (37.8223)
Node 246 ( 55 64 73 81 89 111 119 132 141 152 )
  -> 245 (60.8163)
Node 247 ( 56 64 73 82 90 112 120 133 142 153 )
  -> 246 (25.6645)
Node 248 ( 56 64 73 82 90 113 121 133 143 153 )
  -> 247 (50.1152)
Node 249 ( 57 65 74 83 91 114 122 134 144 154 )
  -> 248 (37.4616)
Node 250 ( 58 66 75 84 91 115 123 135 144 155 )
  -> 249 (30.152)
Node 251 ( 59 67 75 85 91 116 124 135 145 156 )
  -> 250 (12.0596)
Node 252 ( 60 67 76 86 91 117 124 135 146 157 )
  -> 251 (23.7669)
Node 253 ( 61 68 77 87 91 118 124 135 147 158 )
  -> 252 (24.3533)
Node 254 ( 61 68 77 87 92 118 124 135 147 158 )
  -> 252 (22.5316)
Node 255 ( 61 68 77 88 92 119 125 135 148 159 )
  -> 254 (32.8226)
  -> 253 (30.8226)
Node 256 ( 61 68 77 89 93 120 126 135 148 159 )
  -> 255 (31.9194)
Node 257 ( 61 68 78 90 94 121 127 136 149 160 )
  -> 256 (26.8363)
Node 258 ( 62 69 78 91 95 122 127 137 149 160 )
  -> 257 (31.2983)
Node 259 ( 63 69 78 92 96 123 128 138 149 160 )
  -> 258 (28.1074)
Node 260 ( 63 69 79 93 97 124 129 138 149 160 )
  -> 259 (59.0054)
Node 261 ( 63 69 79 93 97 124 130 139 150 160 )
  -> 260 (44.9304)
Node 262 ( 64 70 80 94 98 125 131 140 151 161 )
  -> 261 (16.4765)
Node 263 ( 64 70 80 94 99 125 131 140 152 162 )
  -> 262 (19.4715)
Node 264 ( 64 70 80 94 99 125 132 140 152 162 )
  -> 262 (17.7322)
Node 265 ( 64 70 80 94 100 125 132 140 153 163 )
  -> 264 (24.9819)
  -> 263 (22.9819)
Node 266 ( 64 70 80 94 101 125 132 141 154 164 )
  -> 265 (24.3053)
Node 267 ( 64 70 81 94 102 125 132 141 154 165 )
  -> 266 (91.6361)
Node 268 ( 64 71 82 95 103 125 132 141 154 165 )
  -> 267 (29.4818)
Node 269 ( 65 72 83 95 103 125 132 141 154 166 )
  -> 268 (45.128)
Node 270 ( 65 73 84 95 103 125 132 142 154 167 )
  -> 269 (95.8168)
Node 271 ( 65 74 85 96 104 125 132 143 155 168 )
  -> 270 (86.2731)
Node 272 ( 66 75 86 97 105 125 132 144 156 169 )
  -> 271 (45.8992)
Node 273 ( 66 75 87 98 106 125 132 145 157 170 )
  -> 272 (89.0681)
Node 274 ( 66 76 88 99 107 125 133 146 158 171 )
  -> 273 (54.1197)
Node 275 ( 67 77 89 100 108 126 134 147 159 171 )
  -> 274 (103.156)
Node 276 ( 68 78 90 100 109 127 135 148 160 172 )
  -> 275 (62.9362)
Node 277 ( 68 78 90 101 110 127 135 148 160 172 )
  -> 276 (65.1865)
Node 278 ( 68 79 90 102 111 127 135 148 160 172 )
  -> 277 (69.3173)
Node 279 ( 68 80 90 103 112 127 135 148 160 172 )
  -> 278 (92.7877)
Node 280 ( 69 81 90 104 113 127 136 149 160 172 )
  -> 279 (48.91)
Node 281 ( 70 81 91 104 114 127 136 149 160 172 )
  -> 280 (41.0908)
Node 282 ( 71 81 92 105 115 127 136 149 160 172 )
  -> 281 (58.1789)
Node 283 ( 71 81 93 105 116 127 137 149 160 172 )
  -> 282 (58.5848)
