WeCo WellList 2
10

SM_01
72
971.93456 494.78070 0.00000 35.50000
7
DEPTH 72
0.00000
0.50000
1.00000
1.50000
2.00000
2.50000
3.00000
3.50000
4.00000
4.50000
5.00000
5.50000
6.00000
6.50000
7.00000
7.50000
8.00000
8.50000
9.00000
9.50000
10.00000
10.50000
11.00000
11.50000
12.00000
12.50000
13.00000
13.50000
14.00000
14.50000
15.00000
15.50000
16.00000
16.50000
17.00000
17.50000
18.00000
18.50000
19.00000
19.50000
20.00000
20.50000
21.00000
21.50000
22.00000
22.50000
23.00000
23.50000
24.00000
24.50000
25.00000
25.50000
26.00000
26.50000
27.00000
27.50000
28.00000
28.50000
29.00000
29.50000
30.00000
30.50000
31.00000
31.50000
32.00000
32.50000
33.00000
33.50000
34.00000
34.50000
35.00000
35.50000
GR 72
53.52490
59.59894
64.12330
64.67257
64.05045
53.89955
47.79998
42.79165
45.25461
41.48226
40.51694
33.90398
29.01584
24.16686
24.31118
29.87636
31.41672
35.36684
32.47480
35.43517
34.69698
39.76237
39.72724
37.05151
32.78184
31.11442
32.60977
47.22922
62.46632
75.90054
70.90945
56.71413
51.13353
44.98496
46.30153
41.31624
38.81933
40.54813
42.83299
42.01439
39.23782
32.00966
30.87505
25.72056
21.90002
22.77879
22.62309
35.32161
42.45361
73.31671
84.70241
86.97841
69.17420
65.15461
62.87587
60.17574
48.15672
44.92869
40.00662
41.98526
37.64095
38.78911
39.59727
44.30515
40.08128
34.34717
26.71458
26.66431
26.85956
28.75538
26.69762
23.27340
RT 72
7.44350
7.67711
7.68704
7.30499
7.28103
9.16465
11.52754
13.16508
13.48388
13.93443
14.15381
18.86211
23.09921
26.25648
25.15390
19.68464
15.55318
10.81117
11.04743
11.59739
11.77143
13.27507
14.69930
16.72393
19.05184
21.07499
23.77954
17.93990
12.02231
5.89339
7.01719
9.03866
10.96237
13.47818
14.89446
14.55099
15.05694
14.28566
14.48646
14.29854
16.36036
22.76393
25.97155
26.44361
27.43993
26.76468
28.19823
25.87585
21.37900
13.90701
6.05233
5.39600
6.58753
8.77007
9.26359
9.08566
9.24815
11.28551
13.13764
15.04312
15.05892
15.43690
13.24960
12.57459
17.98794
23.27780
28.43951
26.45766
27.36623
25.75676
26.08121
24.43767
RHOB 72
2.23287
2.29947
2.31954
2.30076
2.30168
2.26345
2.24358
2.18442
2.19205
2.18819
2.20305
2.19027
2.16591
2.14832
2.14273
2.17441
2.18745
2.22136
2.20832
2.22491
2.21474
2.22020
2.21206
2.20447
2.20916
2.19435
2.18377
2.22103
2.26435
2.31351
2.31248
2.28213
2.25315
2.22067
2.21107
2.19529
2.19043
2.18807
2.19736
2.19831
2.19528
2.17451
2.14921
2.14829
2.15350
2.15307
2.14307
2.27622
2.41295
2.51416
2.45858
2.39211
2.35434
2.34105
2.32105
2.31266
2.26948
2.24295
2.21465
2.21681
2.22351
2.21658
2.21132
2.19346
2.16916
2.14584
2.13914
2.14468
2.13862
2.14519
2.12925
2.09746
NPHI 72
0.19710
0.22859
0.24830
0.22565
0.23296
0.20649
0.19755
0.17397
0.16452
0.15913
0.16218
0.15133
0.13867
0.12102
0.13044
0.15172
0.17936
0.19665
0.20223
0.19974
0.20944
0.19884
0.18649
0.17141
0.17843
0.16900
0.15002
0.16444
0.19767
0.22111
0.21556
0.20957
0.21052
0.19662
0.18069
0.17831
0.17651
0.18749
0.18645
0.18840
0.18473
0.16642
0.14760
0.13410
0.13895
0.14300
0.14054
0.13562
0.13832
0.18239
0.23223
0.25699
0.23872
0.22741
0.22449
0.21355
0.18896
0.18825
0.18668
0.18880
0.17921
0.17970
0.17746
0.17197
0.16253
0.15506
0.15353
0.15620
0.15221
0.14858
0.14198
0.14013
DT 72
69.74387
75.90758
78.77280
77.21615
77.18979
73.95476
71.14019
67.61121
67.51749
68.38889
69.47545
67.94881
67.23776
63.02139
60.88797
61.50755
64.65740
67.29214
66.22774
67.38564
67.74114
69.87780
66.88107
67.41969
67.27560
65.97689
66.03985
69.00159
72.68876
76.80892
75.08166
72.89165
66.87886
64.17886
66.85739
69.29856
70.33581
68.47654
67.22876
68.32432
69.53772
68.76931
65.85462
62.89887
61.99690
62.02623
60.62459
61.39197
60.53035
69.10207
76.84049
81.23959
76.46128
73.92491
73.89959
76.38281
73.14624
72.32345
69.57533
69.72487
70.38189
72.15705
71.45333
68.03696
65.99258
63.82935
63.38654
60.78720
58.65170
59.49488
58.28627
56.13591
FACIES 72
3.00000
3.00000
3.00000
3.00000
3.00000
3.00000
4.00000
4.00000
4.00000
4.00000
4.00000
4.00000
5.00000
5.00000
5.00000
5.00000
7.00000
7.00000
7.00000
7.00000
7.00000
7.00000
4.00000
4.00000
4.00000
4.00000
5.00000
5.00000
3.00000
3.00000
3.00000
3.00000
4.00000
4.00000
4.00000
4.00000
4.00000
4.00000
4.00000
4.00000
4.00000
4.00000
5.00000
5.00000
5.00000
5.00000
5.00000
5.00000
8.00000
8.00000
2.00000
2.00000
3.00000
3.00000
3.00000
3.00000
3.00000
4.00000
4.00000
4.00000
4.00000
4.00000
4.00000
4.00000
4.00000
5.00000
5.00000
5.00000
5.00000
5.00000
5.00000
5.00000
2
FACIES 14
3 0 6
4 6 6
5 12 4
7 16 6
4 22 4
5 26 2
3 28 4
4 32 10
5 42 6
8 48 2
2 50 2
3 52 5
4 57 8
5 65 7
BIOZONE 3
0 0 16
1 16 32
2 48 24

SM_02
82
1023.54543 918.85012 0.00000 40.50000
7
DEPTH 82
0.00000
0.50000
1.00000
1.50000
2.00000
2.50000
3.00000
3.50000
4.00000
4.50000
5.00000
5.50000
6.00000
6.50000
7.00000
7.50000
8.00000
8.50000
9.00000
9.50000
10.00000
10.50000
11.00000
11.50000
12.00000
12.50000
13.00000
13.50000
14.00000
14.50000
15.00000
15.50000
16.00000
16.50000
17.00000
17.50000
18.00000
18.50000
19.00000
19.50000
20.00000
20.50000
21.00000
21.50000
22.00000
22.50000
23.00000
23.50000
24.00000
24.50000
25.00000
25.50000
26.00000
26.50000
27.00000
27.50000
28.00000
28.50000
29.00000
29.50000
30.00000
30.50000
31.00000
31.50000
32.00000
32.50000
33.00000
33.50000
34.00000
34.50000
35.00000
35.50000
36.00000
36.50000
37.00000
37.50000
38.00000
38.50000
39.00000
39.50000
40.00000
40.50000
GR 82
51.12304
58.08857
68.65716
74.20407
73.41201
65.64842
54.78174
64.44743
58.28870
61.79126
40.13349
41.96430
36.53924
33.85138
25.70259
21.98418
25.38617
28.87758
36.18986
35.46001
67.57137
64.21360
70.94483
44.05812
62.65566
64.74769
61.55885
38.01384
27.54054
19.76377
32.07877
49.17951
66.44870
66.20962
63.35321
53.33480
49.05820
41.54916
45.03976
37.89271
37.94684
38.67992
47.43503
47.82646
44.07610
40.23001
33.16753
27.84542
23.52451
21.43026
18.74808
17.21100
16.02917
25.00855
29.94872
40.05982
54.99474
69.07294
76.25870
68.37219
65.21574
64.11917
63.77007
60.41910
51.97949
45.97849
39.18669
34.36018
31.60890
40.94943
49.50410
64.62696
62.96598
54.76897
38.10085
28.12926
25.25826
19.53235
13.66387
16.59582
18.50155
19.20149
RT 82
9.54425
8.88166
8.65732
9.94029
8.30190
8.53592
9.31469
8.69811
10.91175
10.73412
13.70510
14.79812
16.11174
21.76066
25.59310
32.22991
31.69186
24.71619
16.64884
12.50591
9.74514
8.93143
6.66476
11.12004
8.70835
10.48802
11.28667
18.54062
23.19673
30.07959
25.00667
18.57793
8.56855
7.93848
8.05948
9.27612
11.73129
12.17690
14.16162
15.87727
16.99518
15.09981
12.42106
13.66072
15.32328
17.37809
14.94311
19.33832
21.16362
27.76618
28.76974
28.85987
28.40683
21.79381
19.95375
19.32414
15.77380
10.85331
5.03892
7.38904
9.81714
9.92428
9.86227
9.81237
12.18592
12.93303
15.87764
15.83115
18.58157
13.30634
14.27523
10.47048
14.12297
17.35797
24.38254
28.94099
28.99050
26.23835
23.59226
20.13400
23.48463
31.58729
RHOB 82
2.29480
2.29573
2.30512
2.29801
2.29685
2.30240
2.27651
2.33225
2.29321
2.29430
2.20940
2.20159
2.20408
2.18213
2.16550
2.14993
2.14550
2.16687
2.19978
2.22643
2.34389
2.34175
2.34002
2.21808
2.26465
2.26567
2.26478
2.18643
2.17275
2.15221
2.20034
2.23793
2.29219
2.29247
2.29751
2.27167
2.24851
2.22480
2.21041
2.20582
2.19660
2.20390
2.19083
2.20396
2.19452
2.20075
2.19040
2.18472
2.16614
2.15295
2.16262
2.16374
2.15814
2.15262
2.28908
2.42630
2.50627
2.44446
2.34951
2.31380
2.29139
2.30149
2.30442
2.30299
2.26024
2.23076
2.20622
2.21300
2.20858
2.24218
2.26242
2.30362
2.26485
2.21941
2.15411
2.13596
2.14227
2.14543
2.14736
2.14660
2.15478
2.16819
NPHI 82
0.20829
0.24861
0.24921
0.23155
0.21773
0.22659
0.22097
0.24228
0.21808
0.21219
0.17458
0.18113
0.18495
0.16900
0.14785
0.13194
0.13840
0.16219
0.19072
0.20045
0.26331
0.26793
0.26525
0.20196
0.20462
0.19975
0.19565
0.16485
0.15628
0.14436
0.17259
0.20029
0.23058
0.23271
0.22909
0.20590
0.18059
0.16736
0.16410
0.17210
0.18096
0.18671
0.17811
0.17965
0.18197
0.18789
0.18291
0.17103
0.15743
0.14358
0.14201
0.13962
0.13125
0.14694
0.13603
0.13082
0.17721
0.23179
0.28516
0.25626
0.25100
0.23875
0.22087
0.20974
0.18716
0.18345
0.17905
0.18419
0.18181
0.18876
0.18996
0.21363
0.20545
0.18692
0.15125
0.12483
0.13598
0.15054
0.15555
0.14792
0.13516
0.13471
DT 82
74.66199
75.01218
75.88919
77.44783
76.46690
76.34733
71.74640
74.96301
73.67537
73.40030
66.79970
63.85293
64.61860
65.06173
64.31336
64.20326
64.01394
67.31597
70.66050
71.91023
75.75500
74.80241
75.28286
72.61278
79.19736
79.30662
75.84295
67.43598
65.19574
66.06099
68.41504
71.49642
75.56215
75.33450
76.15169
74.48988
72.63564
70.46037
68.35146
67.57553
67.36310
67.34209
68.15160
68.16851
65.31534
65.11291
69.32996
70.20616
68.35140
62.59500
63.36443
64.63918
64.17831
66.70162
64.58063
63.04284
69.30565
77.42555
84.29054
81.97271
79.51654
76.41138
74.73228
72.10726
71.45901
69.04182
67.97457
68.61968
66.58795
72.01202
71.86531
76.25025
70.58500
70.24536
65.60617
65.31834
63.84238
62.97288
63.45676
63.47258
62.18989
58.62182
FACIES 82
3.00000
3.00000
3.00000
3.00000
3.00000
3.00000
3.00000
4.00000
2.00000
4.00000
4.00000
4.00000
4.00000
4.00000
5.00000
5.00000
5.00000
5.00000
7.00000
7.00000
7.00000
6.00000
7.00000
7.00000
4.00000
2.00000
4.00000
4.00000
5.00000
5.00000
5.00000
3.00000
3.00000
3.00000
3.00000
3.00000
4.00000
4.00000
4.00000
4.00000
4.00000
4.00000
4.00000
4.00000
4.00000
4.00000
4.00000
4.00000
5.00000
5.00000
5.00000
5.00000
5.00000
5.00000
4.00000
8.00000
8.00000
2.00000
2.00000
3.00000
3.00000
3.00000
3.00000
3.00000
3.00000
4.00000
4.00000
4.00000
4.00000
4.00000
3.00000
4.00000
3.00000
4.00000
5.00000
5.00000
5.00000
5.00000
5.00000
5.00000
5.00000
5.00000
2
FACIES 25
3 0 7
4 7 1
2 8 1
4 9 5
5 14 4
7 18 3
6 21 1
7 22 2
4 24 1
2 25 1
4 26 2
5 28 3
3 31 5
4 36 12
5 48 6
4 54 1
8 55 2
2 57 2
3 59 6
4 65 5
3 70 1
4 71 1
3 72 1
4 73 1
5 74 8
BIOZONE 3
0 0 18
1 18 37
2 55 27

SM_03
94
959.86836 1302.48494 0.00000 46.50000
7
DEPTH 94
0.00000
0.50000
1.00000
1.50000
2.00000
2.50000
3.00000
3.50000
4.00000
4.50000
5.00000
5.50000
6.00000
6.50000
7.00000
7.50000
8.00000
8.50000
9.00000
9.50000
10.00000
10.50000
11.00000
11.50000
12.00000
12.50000
13.00000
13.50000
14.00000
14.50000
15.00000
15.50000
16.00000
16.50000
17.00000
17.50000
18.00000
18.50000
19.00000
19.50000
20.00000
20.50000
21.00000
21.50000
22.00000
22.50000
23.00000
23.50000
24.00000
24.50000
25.00000
25.50000
26.00000
26.50000
27.00000
27.50000
28.00000
28.50000
29.00000
29.50000
30.00000
30.50000
31.00000
31.50000
32.00000
32.50000
33.00000
33.50000
34.00000
34.50000
35.00000
35.50000
36.00000
36.50000
37.00000
37.50000
38.00000
38.50000
39.00000
39.50000
40.00000
40.50000
41.00000
41.50000
42.00000
42.50000
43.00000
43.50000
44.00000
44.50000
45.00000
45.50000
46.00000
46.50000
GR 94
123.27693
87.92465
66.04501
61.23170
50.78246
55.98657
53.25620
54.44601
44.59230
42.95054
39.41138
41.45612
58.52806
56.97390
52.82365
46.28372
57.06441
68.68646
55.14377
43.02270
27.54762
31.86586
36.21011
70.03275
68.68803
67.14406
37.38375
40.15222
43.14152
43.72713
37.79833
30.31652
27.09109
25.42211
39.30579
50.44371
58.76746
58.50383
66.00106
75.10788
72.34607
57.25453
47.99307
37.52739
34.65516
30.40133
36.10305
42.21786
41.27197
41.62507
39.27215
39.31532
31.83471
27.30173
19.40744
20.36191
30.34707
37.03790
40.58428
33.01050
30.00261
28.23026
35.43504
41.60166
64.11664
61.19017
87.75089
74.68880
91.82770
79.83506
88.59941
69.39728
70.51709
63.40161
63.70698
45.79275
37.39513
36.36625
42.01689
41.51199
52.25134
50.51217
53.07585
42.94376
33.63638
34.35503
26.97913
31.01868
39.22193
42.41916
43.08339
28.51719
23.38558
15.38180
RT 94
1.49728
5.85049
8.27472
7.96775
8.49983
8.33031
8.53595
10.41668
13.34789
18.74736
19.83241
19.91113
12.50032
8.70799
6.57436
8.68277
9.01262
7.65069
12.48303
17.89633
19.08539
15.10937
10.97917
7.96462
7.44427
7.47794
10.76318
15.42587
16.23406
17.16125
15.47961
17.05248
20.04249
24.05738
21.15923
16.09937
9.00712
7.90771
6.32479
5.77748
8.21288
11.75310
15.23986
15.73360
17.81796
16.14442
15.23891
13.09501
14.05955
15.04966
18.03882
17.71488
17.50735
17.21835
20.71037
25.56876
23.93795
18.01336
17.50355
17.84774
22.83771
21.24827
19.83522
17.67983
10.92099
7.33904
2.29385
3.29152
3.35175
3.97830
4.32992
6.47651
6.49934
9.11014
9.33609
13.18169
12.85287
14.63236
14.62365
15.26799
13.09656
12.44234
12.41264
14.87228
18.91771
17.46290
19.30295
20.80727
22.95810
22.54466
22.92901
26.07480
27.77809
25.59578
RHOB 94
2.46022
2.35865
2.30264
2.28669
2.29937
2.30200
2.30916
2.25559
2.22056
2.19483
2.19973
2.19796
2.26033
2.27644
2.28448
2.23911
2.24379
2.25173
2.20678
2.16999
2.17055
2.20584
2.24725
2.33792
2.32034
2.30985
2.21762
2.21705
2.21808
2.20733
2.21462
2.18861
2.16461
2.14190
2.18859
2.23854
2.29078
2.28908
2.32922
2.30837
2.29504
2.23218
2.21705
2.20457
2.20498
2.22188
2.21991
2.22579
2.21419
2.20576
2.19670
2.19239
2.20681
2.18899
2.17136
2.15614
2.16511
2.18269
2.18206
2.19229
2.18077
2.17431
2.29437
2.41183
2.48945
2.42157
2.39579
2.38085
2.39154
2.37582
2.34988
2.32640
2.31856
2.29787
2.25492
2.19672
2.19866
2.22147
2.22808
2.23013
2.22116
2.21208
2.21909
2.20430
2.18523
2.18089
2.16280
2.17633
2.17258
2.18655
2.19662
2.18085
2.16696
2.14044
NPHI 94
0.29251
0.24511
0.21586
0.20391
0.20023
0.20574
0.22686
0.21711
0.20626
0.18979
0.17833
0.16919
0.18904
0.20707
0.20670
0.17995
0.19339
0.20820
0.19313
0.15525
0.14656
0.17029
0.20082
0.26887
0.25467
0.25089
0.19774
0.20147
0.19388
0.17676
0.17508
0.15210
0.15037
0.13740
0.18103
0.18556
0.21799
0.20614
0.22924
0.23258
0.21962
0.19238
0.17191
0.17258
0.17532
0.17927
0.18063
0.17611
0.18004
0.18852
0.18984
0.17067
0.16436
0.15333
0.15272
0.13448
0.15708
0.16592
0.17265
0.16892
0.16721
0.16277
0.13570
0.11763
0.17459
0.24062
0.32473
0.29365
0.28553
0.26108
0.26473
0.25359
0.26143
0.25145
0.22800
0.18333
0.17786
0.18001
0.18913
0.19307
0.19854
0.18760
0.18284
0.18153
0.17530
0.18203
0.16122
0.15015
0.14423
0.16141
0.17490
0.16476
0.15275
0.15076
DT 94
93.71488
81.36892
74.62906
75.32755
75.37070
74.13734
75.51292
71.94774
72.63485
67.67352
68.58038
66.97987
70.54289
71.09372
69.79806
65.82382
69.32651
72.00496
69.50286
65.83227
67.09956
70.89358
69.75451
78.87524
76.31699
76.18767
64.35673
67.27543
69.58073
70.26000
69.96045
65.84201
63.15475
62.21320
68.00181
72.20069
75.82778
73.94617
78.45945
77.25686
78.59496
70.96340
69.31611
67.09930
70.18784
68.66399
67.61089
65.84075
68.53641
72.31375
71.42151
69.78117
69.15069
68.32316
65.79009
61.73585
63.79773
65.54693
66.04956
66.68341
65.65814
65.79197
60.54935
59.75733
66.79074
78.98895
89.92767
87.25190
86.29129
85.31330
85.49944
81.38326
79.78960
77.27226
75.54718
71.94593
69.57340
67.57872
66.09940
67.69982
71.83862
70.80777
69.50619
66.00595
66.82574
67.21560
64.11699
61.88330
62.90216
66.75945
64.76575
60.21607
58.57054
64.70776
FACIES 94
1.00000
3.00000
3.00000
3.00000
3.00000
3.00000
3.00000
3.00000
4.00000
4.00000
4.00000
4.00000
4.00000
2.00000
4.00000
4.00000
3.00000
3.00000
3.00000
5.00000
5.00000
7.00000
7.00000
7.00000
6.00000
7.00000
7.00000
7.00000
4.00000
4.00000
4.00000
4.00000
5.00000
5.00000
5.00000
3.00000
3.00000
3.00000
3.00000
2.00000
3.00000
4.00000
4.00000
4.00000
4.00000
4.00000
4.00000
4.00000
4.00000
4.00000
4.00000
4.00000
4.00000
4.00000
5.00000
5.00000
5.00000
4.00000
4.00000
5.00000
4.00000
5.00000
5.00000
8.00000
8.00000
2.00000
2.00000
1.00000
3.00000
2.00000
2.00000
3.00000
3.00000
2.00000
4.00000
4.00000
4.00000
4.00000
4.00000
4.00000
4.00000
3.00000
4.00000
4.00000
4.00000
5.00000
4.00000
5.00000
5.00000
4.00000
4.00000
5.00000
5.00000
5.00000
2
FACIES 36
1 0 1
3 1 7
4 8 5
2 13 1
4 14 2
3 16 3
5 19 2
7 21 3
6 24 1
7 25 3
4 28 4
5 32 3
3 35 4
2 39 1
3 40 1
4 41 13
5 54 3
4 57 2
5 59 1
4 60 1
5 61 2
8 63 2
2 65 2
1 67 1
3 68 1
2 69 2
3 71 2
2 73 1
4 74 7
3 81 1
4 82 3
5 85 1
4 86 1
5 87 2
4 89 2
5 91 3
BIOZONE 3
0 0 21
1 21 42
2 63 31

SM_04
106
1017.87225 1688.67621 0.00000 52.50000
7
DEPTH 106
0.00000
0.50000
1.00000
1.50000
2.00000
2.50000
3.00000
3.50000
4.00000
4.50000
5.00000
5.50000
6.00000
6.50000
7.00000
7.50000
8.00000
8.50000
9.00000
9.50000
10.00000
10.50000
11.00000
11.50000
12.00000
12.50000
13.00000
13.50000
14.00000
14.50000
15.00000
15.50000
16.00000
16.50000
17.00000
17.50000
18.00000
18.50000
19.00000
19.50000
20.00000
20.50000
21.00000
21.50000
22.00000
22.50000
23.00000
23.50000
24.00000
24.50000
25.00000
25.50000
26.00000
26.50000
27.00000
27.50000
28.00000
28.50000
29.00000
29.50000
30.00000
30.50000
31.00000
31.50000
32.00000
32.50000
33.00000
33.50000
34.00000
34.50000
35.00000
35.50000
36.00000
36.50000
37.00000
37.50000
38.00000
38.50000
39.00000
39.50000
40.00000
40.50000
41.00000
41.50000
42.00000
42.50000
43.00000
43.50000
44.00000
44.50000
45.00000
45.50000
46.00000
46.50000
47.00000
47.50000
48.00000
48.50000
49.00000
49.50000
50.00000
50.50000
51.00000
51.50000
52.00000
52.50000
GR 106
74.03948
93.45695
108.64353
89.05294
82.73982
62.73348
64.09639
51.89956
48.80745
37.30542
60.17340
55.83426
55.94540
37.72987
56.38666
62.54753
60.93624
56.70029
46.49288
54.68583
37.38119
39.28846
53.05949
50.54170
55.54800
29.77455
53.82663
78.71294
105.48651
82.77571
51.93904
30.23041
55.48728
60.60708
59.25113
33.07659
26.52960
22.63829
38.24416
63.99315
77.72379
73.62571
63.60487
71.46577
73.75473
59.82666
40.83483
40.84519
48.86926
64.56529
56.72542
57.04332
41.17171
50.88562
58.10085
61.25744
49.62154
36.27124
36.80866
39.25635
35.86985
30.75729
22.72527
32.70698
40.16500
51.23031
46.90432
43.64282
41.45873
38.07468
45.03476
47.59500
65.70139
81.91637
85.70999
76.35054
61.51403
63.24842
64.27928
72.50965
74.73816
88.23328
73.44848
63.89934
40.62767
33.99907
38.67255
49.50734
54.98400
59.92176
50.10059
52.86033
40.46886
50.57789
42.50185
41.14740
26.01909
24.22580
30.07076
35.95160
35.70240
35.50812
30.75021
32.56185
25.84230
31.07113
RT 106
5.60426
5.83544
4.55970
7.35777
6.74607
8.53256
8.01290
10.74060
11.66767
15.06945
10.37133
11.89214
11.97257
16.15605
12.17865
12.25988
14.97899
17.04489
18.94172
13.15754
19.04013
20.95552
19.47928
14.51981
9.17933
12.39120
9.26302
4.97793
1.57465
5.50672
11.08883
18.71930
15.00858
13.27060
9.99507
17.39747
20.22221
23.45453
17.51600
11.53979
6.19300
6.47090
7.95646
6.54393
7.57672
7.17854
10.50316
9.62623
12.46923
10.45524
11.91907
10.69760
12.99902
10.95135
10.03684
9.41242
10.69348
13.43221
13.77083
15.65496
18.86635
22.58000
26.91939
23.29331
18.61085
13.56410
13.35701
15.86441
16.33010
18.37612
17.62546
19.91767
14.24295
9.95373
3.74041
5.12923
5.98853
7.54960
8.30949
7.21126
6.73890
3.80795
7.38813
9.13167
13.03703
13.82050
12.00654
10.06698
9.07647
9.01795
12.95331
13.54485
16.11223
12.18139
17.22342
21.47276
26.27826
23.36113
20.09630
20.74718
24.43360
23.64959
23.43411
18.32299
20.93444
22.76047
RHOB 106
2.27428
2.32686
2.38084
2.34534
2.34615
2.29099
2.27657
2.26613
2.24699
2.20826
2.27331
2.27584
2.28081
2.20110
2.26488
2.27715
2.25931
2.19847
2.17811
2.24656
2.22142
2.22578
2.27084
2.29955
2.31189
2.21260
2.30651
2.40397
2.50666
2.40744
2.30065
2.18891
2.24250
2.25624
2.27611
2.19934
2.16370
2.13439
2.18409
2.27957
2.33906
2.34833
2.30970
2.35914
2.34477
2.30468
2.21248
2.20965
2.22163
2.27657
2.25455
2.24837
2.19889
2.21365
2.25714
2.26027
2.24657
2.19138
2.18863
2.17415
2.17215
2.15352
2.14281
2.15736
2.17333
2.18948
2.19242
2.19530
2.20734
2.19370
2.32137
2.42566
2.50707
2.45429
2.41316
2.38031
2.33329
2.29435
2.29302
2.32454
2.33805
2.37134
2.30528
2.24933
2.18659
2.19009
2.23421
2.27471
2.27378
2.27284
2.24373
2.25407
2.22129
2.24351
2.22781
2.20646
2.15149
2.14273
2.16362
2.16633
2.16450
2.16943
2.16989
2.17288
2.15333
2.15769
NPHI 106
0.24896
0.25735
0.28031
0.25059
0.24514
0.20281
0.20740
0.20465
0.20631
0.19220
0.21744
0.21041
0.21000
0.17884
0.21234
0.21991
0.21103
0.19493
0.18266
0.20466
0.17921
0.16772
0.21137
0.21551
0.23801
0.20324
0.26849
0.33028
0.36895
0.31488
0.23760
0.17986
0.20977
0.22294
0.20967
0.15280
0.13474
0.12818
0.17568
0.22426
0.25035
0.23435
0.21428
0.23024
0.23155
0.21482
0.18595
0.18958
0.19928
0.20891
0.18820
0.18266
0.16997
0.19923
0.20493
0.21037
0.18690
0.17536
0.17516
0.17359
0.16369
0.15198
0.13765
0.16004
0.17333
0.18791
0.17946
0.17771
0.18158
0.16363
0.13927
0.11001
0.15907
0.21107
0.26542
0.23677
0.22778
0.20952
0.22051
0.24423
0.24606
0.26759
0.22200
0.21414
0.17986
0.18595
0.19516
0.21029
0.20836
0.20705
0.19479
0.19704
0.18716
0.20467
0.19597
0.18054
0.14373
0.12946
0.14934
0.14884
0.15862
0.16197
0.17312
0.17159
0.14122
0.11664
DT 106
79.45394
83.13672
91.72717
84.01370
87.68351
77.95896
77.93026
73.87035
72.76493
68.90021
73.20929
70.39782
69.67914
63.88757
72.00064
74.12304
73.17378
69.63258
68.50430
74.02791
69.42745
68.72296
77.30724
81.91698
83.28463
70.80271
79.08884
91.70709
100.41854
88.66301
75.77891
64.92450
72.41215
71.30257
71.36037
62.53387
61.85501
62.18289
63.74020
73.30887
78.05245
80.02909
74.97999
79.80361
81.58181
78.61077
70.03598
70.20139
69.74938
73.57980
70.11575
72.45986
69.20547
69.86942
69.76806
71.62702
70.71366
69.23122
69.50351
67.68922
66.51706
64.37422
62.04594
61.98894
62.58650
68.70930
70.46668
69.86027
66.81200
64.03502
61.88536
58.57386
65.69147
72.60606
85.73794
83.93089
81.67756
73.10774
72.17269
74.71717
76.79577
82.16527
77.06443
74.97598
67.41385
67.72893
68.11999
70.82315
71.97535
72.29181
70.28642
71.34062
71.40023
75.23607
72.20071
70.46926
65.07427
63.22980
66.55413
65.33912
65.91650
65.07529
66.12228
66.24023
60.94929
58.11366
FACIES 106
3.00000
1.00000
3.00000
1.00000
3.00000
3.00000
3.00000
3.00000
4.00000
4.00000
4.00000
2.00000
4.00000
4.00000
4.00000
2.00000
4.00000
5.00000
3.00000
5.00000
3.00000
5.00000
5.00000
6.00000
7.00000
7.00000
7.00000
6.00000
6.00000
6.00000
7.00000
4.00000
4.00000
2.00000
4.00000
4.00000
5.00000
5.00000
5.00000
3.00000
2.00000
3.00000
3.00000
3.00000
2.00000
3.00000
4.00000
4.00000
3.00000
4.00000
3.00000
4.00000
4.00000
4.00000
3.00000
3.00000
4.00000
4.00000
4.00000
4.00000
4.00000
5.00000
5.00000
5.00000
4.00000
4.00000
4.00000
4.00000
4.00000
4.00000
5.00000
8.00000
8.00000
2.00000
2.00000
2.00000
3.00000
3.00000
3.00000
3.00000
2.00000
3.00000
2.00000
4.00000
4.00000
4.00000
4.00000
3.00000
3.00000
4.00000
3.00000
4.00000
4.00000
4.00000
3.00000
5.00000
5.00000
5.00000
5.00000
4.00000
5.00000
5.00000
4.00000
5.00000
5.00000
5.00000
2
FACIES 55
3 0 1
1 1 1
3 2 1
1 3 1
3 4 4
4 8 3
2 11 1
4 12 3
2 15 1
4 16 1
5 17 1
3 18 1
5 19 1
3 20 1
5 21 2
6 23 1
7 24 3
6 27 3
7 30 1
4 31 2
2 33 1
4 34 2
5 36 3
3 39 1
2 40 1
3 41 3
2 44 1
3 45 1
4 46 2
3 48 1
4 49 1
3 50 1
4 51 3
3 54 2
4 56 5
5 61 3
4 64 6
5 70 1
8 71 2
2 73 3
3 76 4
2 80 1
3 81 1
2 82 1
4 83 4
3 87 2
4 89 1
3 90 1
4 91 3
3 94 1
5 95 4
4 99 1
5 100 2
4 102 1
5 103 3
BIOZONE 3
0 0 23
1 23 48
2 71 35

SM_05
117
1017.99294 2109.76681 0.00000 58.00000
7
DEPTH 117
0.00000
0.50000
1.00000
1.50000
2.00000
2.50000
3.00000
3.50000
4.00000
4.50000
5.00000
5.50000
6.00000
6.50000
7.00000
7.50000
8.00000
8.50000
9.00000
9.50000
10.00000
10.50000
11.00000
11.50000
12.00000
12.50000
13.00000
13.50000
14.00000
14.50000
15.00000
15.50000
16.00000
16.50000
17.00000
17.50000
18.00000
18.50000
19.00000
19.50000
20.00000
20.50000
21.00000
21.50000
22.00000
22.50000
23.00000
23.50000
24.00000
24.50000
25.00000
25.50000
26.00000
26.50000
27.00000
27.50000
28.00000
28.50000
29.00000
29.50000
30.00000
30.50000
31.00000
31.50000
32.00000
32.50000
33.00000
33.50000
34.00000
34.50000
35.00000
35.50000
36.00000
36.50000
37.00000
37.50000
38.00000
38.50000
39.00000
39.50000
40.00000
40.50000
41.00000
41.50000
42.00000
42.50000
43.00000
43.50000
44.00000
44.50000
45.00000
45.50000
46.00000
46.50000
47.00000
47.50000
48.00000
48.50000
49.00000
49.50000
50.00000
50.50000
51.00000
51.50000
52.00000
52.50000
53.00000
53.50000
54.00000
54.50000
55.00000
55.50000
56.00000
56.50000
57.00000
57.50000
58.00000
GR 117
118.97286
109.80030
93.05410
87.11747
68.00548
83.36210
81.79956
97.38392
71.45349
82.81724
53.99955
71.03665
56.82687
65.09590
46.05096
43.26395
58.38951
60.25113
68.54941
58.02486
65.69168
52.11039
38.75588
24.57246
24.20380
24.59389
33.37861
65.80339
94.27658
91.04433
64.02885
33.42119
31.62120
31.03545
36.54650
38.57013
54.46055
58.46061
57.81886
38.90698
49.59926
53.63508
73.92437
73.24420
84.18721
76.96459
77.14383
73.02378
70.07668
77.48166
76.13058
70.44351
43.56070
45.75623
44.63177
46.78672
42.92366
42.02825
62.19734
60.91069
70.05716
62.12850
62.60524
54.50123
55.76905
59.57337
61.91025
53.12886
49.11865
48.24795
48.46926
41.66009
36.59498
30.74860
27.43130
30.80695
31.96233
31.23392
31.52579
47.63688
74.57613
100.55922
93.67323
83.59260
64.24259
67.67934
66.13246
76.80710
74.76489
73.68671
59.59104
51.30024
55.62037
56.28686
54.99424
44.72717
36.15473
48.63479
51.15267
58.01050
44.13719
50.55063
55.82413
55.68605
41.03228
27.39058
31.50014
32.97258
36.83712
30.64897
27.27907
22.73890
22.23962
30.20438
36.28904
42.12785
41.15455
RT 117
1.93670
3.91873
6.60074
6.56061
8.85240
6.00767
6.08110
3.71255
8.98820
6.91676
10.42992
5.62513
11.61701
12.78816
17.89745
14.53153
10.44761
9.33128
8.57391
10.00357
7.29499
12.12236
14.65566
19.72610
18.95166
18.59816
14.58807
8.64249
4.79669
4.84986
7.32667
10.56694
12.04754
13.83680
14.66911
18.00438
14.05539
13.91264
15.01822
23.28371
21.61078
14.33224
6.00264
5.90235
6.21249
8.40311
6.51892
7.04342
6.17183
5.82358
5.08176
6.93000
11.81266
12.10100
12.27078
9.47627
10.80661
11.60528
10.46277
11.46483
8.95165
10.89919
8.64400
12.40589
11.98065
12.25889
10.24715
11.42375
12.73099
12.69204
13.40399
15.66416
15.02446
17.99902
21.21074
21.68151
21.14936
18.51027
20.59210
13.83412
8.03271
2.31520
3.99764
5.11381
7.06910
6.84357
7.72234
6.10810
6.87632
6.90221
10.16419
11.85459
11.09360
12.71427
13.94372
14.46514
13.93905
10.93434
13.66235
14.20177
18.26024
15.64294
11.63295
11.64855
12.70262
18.78609
18.38149
21.25617
21.14638
22.88382
28.25562
28.69063
30.10778
23.09318
19.57574
14.22364
13.12850
RHOB 117
2.44067
2.38359
2.33306
2.32231
2.27775
2.32316
2.33769
2.38882
2.32721
2.35217
2.26989
2.32983
2.28273
2.28912
2.21688
2.20664
2.27231
2.26835
2.30790
2.26340
2.29539
2.22824
2.17359
2.13263
2.13900
2.17527
2.19853
2.31301
2.39885
2.39773
2.30854
2.20340
2.21319
2.22413
2.23724
2.21228
2.25659
2.25711
2.25094
2.17506
2.19947
2.23212
2.34034
2.34137
2.36410
2.29177
2.34069
2.34411
2.36282
2.37623
2.35914
2.32912
2.25112
2.24329
2.24330
2.23373
2.20698
2.19518
2.23756
2.24709
2.29312
2.27385
2.28662
2.24967
2.26977
2.28744
2.27262
2.24229
2.20383
2.20391
2.19450
2.19860
2.18704
2.17256
2.15031
2.17525
2.17723
2.18299
2.30547
2.39284
2.46971
2.42594
2.37343
2.34202
2.28391
2.28593
2.29684
2.35316
2.35074
2.34169
2.25778
2.22783
2.22260
2.22832
2.23907
2.20513
2.18290
2.20640
2.20244
2.22406
2.20064
2.23147
2.26534
2.24905
2.21645
2.15121
2.15716
2.15764
2.16845
2.14198
2.13937
2.14434
2.16047
2.17904
2.18756
2.20810
2.21827
NPHI 117
0.31650
0.29511
0.27838
0.28027
0.23236
0.24653
0.24682
0.29315
0.25236
0.26549
0.19805
0.24369
0.21507
0.21657
0.17236
0.17344
0.22031
0.21877
0.22711
0.19455
0.20634
0.17985
0.16127
0.13798
0.14733
0.16639
0.16772
0.23164
0.28396
0.30674
0.24889
0.19889
0.19638
0.20743
0.19897
0.18513
0.21658
0.22095
0.20318
0.14216
0.15703
0.18715
0.24755
0.24483
0.24704
0.23367
0.25207
0.25135
0.23977
0.22313
0.22708
0.21294
0.19482
0.19352
0.18993
0.19445
0.18914
0.20534
0.21323
0.20080
0.21489
0.21224
0.23099
0.20111
0.21508
0.22324
0.23141
0.20530
0.18373
0.17419
0.16747
0.16803
0.17919
0.17457
0.15219
0.14789
0.14689
0.16181
0.13867
0.18242
0.22470
0.29384
0.27174
0.24207
0.21262
0.22456
0.23470
0.25339
0.25124
0.23381
0.20722
0.18132
0.19911
0.19884
0.20407
0.18097
0.16423
0.18090
0.18654
0.20236
0.19551
0.20197
0.20997
0.19654
0.18621
0.15800
0.16834
0.15578
0.14918
0.13702
0.13983
0.14858
0.14403
0.15109
0.15940
0.17971
0.20061
DT 117
83.48159
84.05094
82.76671
81.30816
76.30874
81.16675
82.37465
86.60875
77.19412
80.03314
74.69497
80.53367
73.26872
72.45051
68.73718
69.83414
74.93719
74.21750
75.17853
70.81792
72.00754
71.17343
68.00709
65.52413
64.02965
68.41325
69.91457
80.67519
87.97580
88.27235
80.90188
75.08494
76.54889
77.37181
72.58514
66.72009
72.71490
74.09118
73.21543
63.77388
65.26738
70.61172
79.51188
77.26220
79.67525
75.46884
81.37518
80.18666
78.56049
77.54177
78.31799
77.54091
72.02807
73.56372
72.36735
72.85088
67.25613
68.34703
69.71058
70.12228
71.87722
72.61271
77.48110
74.29461
75.57332
73.25413
75.17320
70.70806
66.75317
62.03044
61.09063
63.92688
68.77124
69.59509
66.18806
64.27479
64.17400
63.76720
62.06981
69.54672
75.45622
89.77416
85.79174
84.07341
74.12741
73.64890
73.29725
75.17570
76.40513
78.13418
73.17159
70.96943
70.20951
70.81417
70.56622
66.98580
67.33348
69.83046
72.69582
74.13573
73.00398
75.60411
74.39484
69.17370
63.73685
60.56838
63.66381
64.46869
65.92597
65.69773
64.53382
64.40316
60.84102
63.30839
65.04645
68.42060
66.36002
FACIES 117
1.00000
3.00000
1.00000
3.00000
3.00000
3.00000
1.00000
3.00000
1.00000
4.00000
2.00000
4.00000
2.00000
4.00000
4.00000
4.00000
4.00000
2.00000
4.00000
3.00000
3.00000
3.00000
5.00000
5.00000
5.00000
5.00000
7.00000
7.00000
6.00000
6.00000
7.00000
7.00000
7.00000
7.00000
4.00000
4.00000
4.00000
2.00000
4.00000
5.00000
5.00000
3.00000
3.00000
2.00000
3.00000
3.00000
3.00000
2.00000
3.00000
3.00000
2.00000
3.00000
4.00000
4.00000
3.00000
4.00000
4.00000
4.00000
4.00000
3.00000
4.00000
3.00000
3.00000
3.00000
4.00000
3.00000
3.00000
4.00000
4.00000
4.00000
4.00000
4.00000
4.00000
4.00000
5.00000
5.00000
4.00000
5.00000
5.00000
8.00000
2.00000
2.00000
1.00000
3.00000
3.00000
3.00000
3.00000
3.00000
2.00000
3.00000
3.00000
4.00000
4.00000
3.00000
4.00000
4.00000
4.00000
4.00000
3.00000
4.00000
4.00000
4.00000
3.00000
3.00000
5.00000
5.00000
5.00000
4.00000
5.00000
5.00000
5.00000
5.00000
5.00000
5.00000
4.00000
4.00000
4.00000
2
FACIES 58
1 0 1
3 1 1
1 2 1
3 3 3
1 6 1
3 7 1
1 8 1
4 9 1
2 10 1
4 11 1
2 12 1
4 13 4
2 17 1
4 18 1
3 19 3
5 22 4
7 26 2
6 28 2
7 30 4
4 34 3
2 37 1
4 38 1
5 39 2
3 41 2
2 43 1
3 44 3
2 47 1
3 48 2
2 50 1
3 51 1
4 52 2
3 54 1
4 55 4
3 59 1
4 60 1
3 61 3
4 64 1
3 65 2
4 67 7
5 74 2
4 76 1
5 77 2
8 79 1
2 80 2
1 82 1
3 83 5
2 88 1
3 89 2
4 91 2
3 93 1
4 94 4
3 98 1
4 99 3
3 102 2
5 104 3
4 107 1
5 108 6
4 114 3
BIOZONE 3
0 0 26
1 26 53
2 79 38

SM_06
128
980.04377 2502.46036 0.00000 63.50000
7
DEPTH 128
0.00000
0.50000
1.00000
1.50000
2.00000
2.50000
3.00000
3.50000
4.00000
4.50000
5.00000
5.50000
6.00000
6.50000
7.00000
7.50000
8.00000
8.50000
9.00000
9.50000
10.00000
10.50000
11.00000
11.50000
12.00000
12.50000
13.00000
13.50000
14.00000
14.50000
15.00000
15.50000
16.00000
16.50000
17.00000
17.50000
18.00000
18.50000
19.00000
19.50000
20.00000
20.50000
21.00000
21.50000
22.00000
22.50000
23.00000
23.50000
24.00000
24.50000
25.00000
25.50000
26.00000
26.50000
27.00000
27.50000
28.00000
28.50000
29.00000
29.50000
30.00000
30.50000
31.00000
31.50000
32.00000
32.50000
33.00000
33.50000
34.00000
34.50000
35.00000
35.50000
36.00000
36.50000
37.00000
37.50000
38.00000
38.50000
39.00000
39.50000
40.00000
40.50000
41.00000
41.50000
42.00000
42.50000
43.00000
43.50000
44.00000
44.50000
45.00000
45.50000
46.00000
46.50000
47.00000
47.50000
48.00000
48.50000
49.00000
49.50000
50.00000
50.50000
51.00000
51.50000
52.00000
52.50000
53.00000
53.50000
54.00000
54.50000
55.00000
55.50000
56.00000
56.50000
57.00000
57.50000
58.00000
58.50000
59.00000
59.50000
60.00000
60.50000
61.00000
61.50000
62.00000
62.50000
63.00000
63.50000
GR 128
63.03560
85.81085
105.03398
101.98619
119.57732
104.19938
83.44698
91.36105
88.43677
79.83451
45.33586
49.79094
66.62204
69.66921
72.32235
59.58021
58.99672
62.12671
81.93264
86.82443
75.91297
50.31708
41.95237
39.48539
39.70012
55.44799
42.87382
43.73418
54.53026
54.98086
55.31461
29.58281
59.44249
87.54188
107.79087
82.92245
80.83268
76.40739
78.58147
54.08222
54.52702
66.87525
75.79143
58.03444
41.02912
49.01214
56.67362
78.51622
70.37599
73.92061
67.47094
76.14105
78.01852
83.14359
85.27767
85.73391
75.65692
66.29267
57.51839
51.97215
56.80296
64.19859
66.27655
52.41971
40.89796
45.17798
54.87124
65.52226
65.82974
54.95810
55.32351
51.78263
56.48427
52.00975
44.75252
34.49426
25.56702
26.51886
25.12682
23.29353
25.30574
34.45045
40.38229
36.24226
31.84674
37.93374
45.38320
77.06942
100.14500
122.01791
120.03821
100.49054
92.41154
72.50925
82.44608
82.17932
95.36007
85.09557
84.92338
65.47197
66.66022
52.04022
63.24202
55.34149
59.38631
50.44585
48.84749
58.18414
56.15828
55.26462
50.15841
46.94187
55.20886
41.44881
46.32478
34.44413
31.67285
20.97843
18.28985
26.33575
28.04611
28.72370
28.02452
32.03046
38.32495
37.73501
40.55647
42.21220
RT 128
6.38738
5.48392
3.90642
4.03678
1.47098
3.94690
6.40402
6.56000
4.99897
7.44351
11.93120
11.39040
6.95924
6.25419
6.41633
11.47289
12.06302
12.09788
6.98750
2.93465
4.57426
10.91237
18.96634
17.98096
20.94321
14.81558
22.30490
16.28487
13.96209
7.66135
6.39220
8.22521
5.94881
3.60538
1.88805
5.49273
6.09168
6.33900
6.52957
11.45457
11.52716
9.14296
5.91450
11.92988
18.83227
17.07141
12.15458
3.91217
3.30942
3.38054
5.41815
5.74608
4.52658
2.42937
2.67501
4.58273
6.16651
7.38646
7.65770
9.19561
9.75948
8.07860
8.35850
11.60543
14.09032
13.04706
9.94283
8.73626
7.94116
8.54763
8.31607
8.96246
12.09469
14.31876
16.92979
14.94544
15.47474
18.61140
22.10779
23.69527
19.32852
15.00658
12.19307
17.49911
22.25484
25.25530
22.82149
14.54391
7.96490
1.12957
1.32831
3.78668
4.43731
6.63748
4.80670
4.91040
3.28748
4.37357
4.35763
8.91972
8.92867
14.70422
11.68894
13.86935
10.16800
13.01753
13.97132
13.15174
13.66149
13.88695
14.69593
14.14848
10.91455
15.60050
14.32155
18.18142
21.54689
27.21025
31.18187
25.37249
24.93968
24.56977
26.27851
21.50730
16.77161
14.57012
15.59080
17.12544
RHOB 128
2.33810
2.35440
2.39788
2.40365
2.45254
2.40619
2.34966
2.34195
2.34161
2.31393
2.23921
2.26820
2.33662
2.34707
2.35106
2.29939
2.27808
2.25764
2.30953
2.39470
2.37506
2.30621
2.22953
2.23486
2.22544
2.26025
2.20316
2.21537
2.31164
2.32694
2.33680
2.22025
2.33135
2.41877
2.50001
2.38448
2.33071
2.29824
2.29662
2.24864
2.25781
2.30105
2.34943
2.26281
2.21494
2.23549
2.30010
2.38394
2.39728
2.38270
2.32438
2.29870
2.34066
2.40707
2.40847
2.37108
2.32439
2.30338
2.26008
2.22952
2.22974
2.27774
2.27287
2.24037
2.19520
2.23600
2.27644
2.30448
2.30650
2.27242
2.27065
2.24391
2.24517
2.22590
2.20821
2.20221
2.19125
2.17433
2.16132
2.16182
2.19027
2.20834
2.21518
2.18991
2.17411
2.28545
2.40481
2.50348
2.47117
2.46384
2.44476
2.40649
2.37870
2.33844
2.35980
2.34643
2.40297
2.36951
2.40138
2.30146
2.29904
2.22551
2.26979
2.24116
2.26971
2.24684
2.24723
2.25204
2.24297
2.22625
2.20656
2.21825
2.26447
2.22154
2.22689
2.18212
2.19068
2.15790
2.16582
2.17025
2.17315
2.15648
2.15469
2.17242
2.19423
2.19265
2.18336
2.17777
NPHI 128
0.26197
0.25151
0.27641
0.28708
0.31919
0.28296
0.24707
0.25433
0.26205
0.25234
0.21137
0.22402
0.25331
0.24248
0.24022
0.21074
0.21958
0.21087
0.23537
0.25645
0.24537
0.22370
0.18485
0.17899
0.16072
0.18275
0.15599
0.17593
0.22512
0.25003
0.24973
0.19594
0.23853
0.29492
0.34027
0.29998
0.26429
0.23235
0.21935
0.18673
0.20258
0.22968
0.23733
0.18347
0.14624
0.19489
0.23403
0.29103
0.27463
0.27901
0.25121
0.24767
0.26253
0.28874
0.28074
0.27206
0.24642
0.24415
0.21426
0.19739
0.18791
0.19279
0.19216
0.18117
0.17704
0.18782
0.19154
0.18970
0.19132
0.19313
0.20466
0.21193
0.20500
0.19679
0.17806
0.18376
0.17531
0.15839
0.14155
0.13669
0.15161
0.16688
0.17792
0.16840
0.15765
0.14341
0.14541
0.20165
0.26511
0.32724
0.33392
0.28895
0.27657
0.23165
0.25284
0.23885
0.27044
0.25959
0.27534
0.22894
0.22830
0.18237
0.20072
0.19029
0.21239
0.19384
0.18395
0.18034
0.18403
0.19223
0.20093
0.19052
0.21237
0.17859
0.19175
0.14844
0.14123
0.12789
0.13240
0.14786
0.14678
0.14717
0.14272
0.14620
0.16169
0.17079
0.17805
0.16994
DT 128
74.39928
83.15569
91.03135
90.53591
98.59866
90.85909
82.57286
80.92782
81.73868
80.28107
71.89613
76.09848
81.95573
79.15830
78.46219
71.51236
72.58646
71.36581
77.87724
80.93581
81.82404
74.06208
69.72586
64.47339
64.25531
67.74732
65.47618
68.52799
79.53739
79.74364
78.57969
64.65242
72.06515
83.69696
94.54720
90.75872
83.00047
76.84925
74.63225
69.89850
72.75670
77.93606
81.70195
74.55853
66.32685
69.71816
74.51765
84.22603
82.86218
81.60867
78.19628
78.19421
84.74655
86.67571
89.18428
83.60251
83.03687
78.22775
75.21164
70.19801
69.99421
70.58000
71.64635
69.36559
67.65682
69.46155
73.47654
78.30886
79.00688
75.61130
75.96407
72.84101
74.14346
67.85684
66.36337
64.57259
66.56090
64.94794
63.91233
60.95981
65.70669
67.87218
71.05140
67.29619
64.08659
60.59482
60.50644
70.24781
83.22187
94.65982
95.49267
86.88767
79.70343
74.27270
79.71083
82.63780
82.50164
77.86010
77.66913
74.88246
74.71662
70.41865
72.22380
70.62941
73.90701
72.11807
72.63538
74.55329
76.19067
74.57577
72.52813
72.38292
75.21590
68.31296
66.45180
63.51193
64.32357
62.98591
62.87802
62.97964
62.73853
62.43509
65.55897
66.83887
68.01183
66.35238
67.88314
70.31015
FACIES 128
3.00000
1.00000
3.00000
1.00000
1.00000
1.00000
3.00000
3.00000
1.00000
3.00000
4.00000
4.00000
2.00000
2.00000
4.00000
2.00000
4.00000
4.00000
2.00000
2.00000
2.00000
3.00000
5.00000
5.00000
3.00000
5.00000
3.00000
5.00000
7.00000
6.00000
7.00000
7.00000
7.00000
6.00000
6.00000
6.00000
7.00000
2.00000
2.00000
4.00000
4.00000
2.00000
3.00000
3.00000
5.00000
5.00000
2.00000
3.00000
2.00000
2.00000
3.00000
3.00000
2.00000
2.00000
2.00000
2.00000
3.00000
3.00000
3.00000
4.00000
4.00000
3.00000
3.00000
4.00000
4.00000
4.00000
3.00000
3.00000
3.00000
3.00000
4.00000
3.00000
3.00000
4.00000
4.00000
4.00000
4.00000
4.00000
5.00000
5.00000
5.00000
4.00000
4.00000
4.00000
5.00000
5.00000
8.00000
8.00000
1.00000
1.00000
1.00000
1.00000
3.00000
2.00000
3.00000
2.00000
2.00000
2.00000
3.00000
2.00000
4.00000
3.00000
4.00000
3.00000
4.00000
3.00000
4.00000
4.00000
3.00000
4.00000
4.00000
3.00000
4.00000
3.00000
5.00000
4.00000
5.00000
5.00000
5.00000
5.00000
4.00000
5.00000
5.00000
4.00000
4.00000
4.00000
4.00000
4.00000
2
FACIES 71
3 0 1
1 1 1
3 2 1
1 3 3
3 6 2
1 8 1
3 9 1
4 10 2
2 12 2
4 14 1
2 15 1
4 16 2
2 18 3
3 21 1
5 22 2
3 24 1
5 25 1
3 26 1
5 27 1
7 28 1
6 29 1
7 30 3
6 33 3
7 36 1
2 37 2
4 39 2
2 41 1
3 42 2
5 44 2
2 46 1
3 47 1
2 48 2
3 50 2
2 52 4
3 56 3
4 59 2
3 61 2
4 63 3
3 66 4
4 70 1
3 71 2
4 73 5
5 78 3
4 81 3
5 84 2
8 86 2
1 88 4
3 92 1
2 93 1
3 94 1
2 95 3
3 98 1
2 99 1
4 100 1
3 101 1
4 102 1
3 103 1
4 104 1
3 105 1
4 106 2
3 108 1
4 109 2
3 111 1
4 112 1
3 113 1
5 114 1
4 115 1
5 116 4
4 120 1
5 121 2
4 123 5
BIOZONE 3
0 0 28
1 28 58
2 86 42

SM_07
138
996.77182 2881.95232 0.00000 68.50000
7
DEPTH 138
0.00000
0.50000
1.00000
1.50000
2.00000
2.50000
3.00000
3.50000
4.00000
4.50000
5.00000
5.50000
6.00000
6.50000
7.00000
7.50000
8.00000
8.50000
9.00000
9.50000
10.00000
10.50000
11.00000
11.50000
12.00000
12.50000
13.00000
13.50000
14.00000
14.50000
15.00000
15.50000
16.00000
16.50000
17.00000
17.50000
18.00000
18.50000
19.00000
19.50000
20.00000
20.50000
21.00000
21.50000
22.00000
22.50000
23.00000
23.50000
24.00000
24.50000
25.00000
25.50000
26.00000
26.50000
27.00000
27.50000
28.00000
28.50000
29.00000
29.50000
30.00000
30.50000
31.00000
31.50000
32.00000
32.50000
33.00000
33.50000
34.00000
34.50000
35.00000
35.50000
36.00000
36.50000
37.00000
37.50000
38.00000
38.50000
39.00000
39.50000
40.00000
40.50000
41.00000
41.50000
42.00000
42.50000
43.00000
43.50000
44.00000
44.50000
45.00000
45.50000
46.00000
46.50000
47.00000
47.50000
48.00000
48.50000
49.00000
49.50000
50.00000
50.50000
51.00000
51.50000
52.00000
52.50000
53.00000
53.50000
54.00000
54.50000
55.00000
55.50000
56.00000
56.50000
57.00000
57.50000
58.00000
58.50000
59.00000
59.50000
60.00000
60.50000
61.00000
61.50000
62.00000
62.50000
63.00000
63.50000
64.00000
64.50000
65.00000
65.50000
66.00000
66.50000
67.00000
67.50000
68.00000
68.50000
GR 138
126.57886
105.93089
107.46998
80.76296
104.90560
102.11822
108.71487
105.44822
86.20306
93.19712
63.73765
55.76109
57.86953
75.21284
76.66597
58.42739
60.94338
78.66401
83.29443
78.92031
74.67546
65.90781
60.61020
59.89166
70.73153
56.67036
38.53670
46.15182
58.72555
84.20519
69.08846
58.92627
34.44077
68.84146
70.35677
101.80416
87.60952
114.03800
109.01562
103.31855
90.84606
68.78303
75.01404
64.78794
74.41307
50.70210
51.40824
35.92853
56.27580
71.16970
89.34492
81.52287
72.85484
82.36109
80.07839
84.21302
77.23002
88.91342
86.25748
80.28819
76.43106
72.56451
73.61761
65.88785
69.10177
66.16945
66.27092
63.07928
55.32842
51.80987
54.41258
54.03127
63.61573
58.02750
71.91075
60.63508
68.26664
50.39936
50.49280
31.96088
34.17940
33.89513
41.65260
37.15098
41.21179
41.58419
42.63752
37.69181
32.39023
29.59680
34.19046
33.75247
40.50836
59.84393
81.76949
102.20640
108.72973
109.74875
100.96515
82.03993
77.91635
82.80901
87.24795
76.39831
77.69205
73.24495
77.96530
68.65853
60.62026
60.66759
55.39474
50.57266
49.30435
50.32756
62.56023
56.45460
63.05694
58.01132
68.58653
68.46955
73.07849
72.63134
61.73753
50.85586
33.39226
27.20156
24.73689
29.32615
33.31939
39.10097
40.74217
39.41765
33.81382
27.94680
35.89945
36.87393
38.05958
29.48636
RT 138
1.42700
4.06093
4.07011
5.80780
3.22864
3.21907
3.53393
3.50976
6.21871
4.76791
8.21670
10.65225
10.70631
7.94983
6.55370
10.80810
10.62177
7.61791
5.89423
5.93518
5.87234
9.30407
10.98119
12.01999
7.48093
11.05977
15.44577
15.93753
12.78185
6.80882
7.69526
8.88324
13.11281
9.91377
9.82270
5.43114
5.32299
1.90609
2.25180
2.70141
2.99182
5.87128
5.67016
9.86899
7.44836
15.90360
13.67121
21.18632
12.74569
10.52814
2.63039
3.52581
4.93394
4.87086
5.73590
4.15766
4.16939
2.52560
4.74935
6.36422
8.16513
8.16266
7.96221
11.24776
9.82800
9.32919
5.97006
6.62067
9.32984
11.96612
12.94479
13.29056
9.92624
9.56473
8.09025
11.36986
12.30831
13.05934
12.38584
17.93290
19.18961
19.62510
14.46827
16.05498
16.45907
17.66362
18.89119
17.51607
15.12900
17.70339
18.77812
22.57883
17.66478
12.99650
7.16690
2.50885
2.39044
2.48289
4.18059
4.83556
4.89316
3.09838
3.06064
4.71036
4.45420
5.70747
4.06151
4.96334
8.44738
9.83913
13.12702
11.75141
11.24088
8.65241
6.65695
9.55415
9.66491
11.19642
7.40603
8.26413
6.53261
9.10540
14.72626
16.19596
20.42694
20.13294
20.19668
17.75409
14.51412
16.74678
15.96332
16.26876
14.04873
17.38894
15.85268
16.65592
15.46752
20.25813
RHOB 138
2.46075
2.39758
2.38984
2.32805
2.40157
2.40441
2.40692
2.39372
2.33212
2.36610
2.30472
2.26910
2.28345
2.34966
2.37284
2.28119
2.27347
2.33118
2.33267
2.31514
2.29559
2.27515
2.24978
2.23869
2.29297
2.23716
2.18190
2.18531
2.24616
2.38248
2.35143
2.32795
2.20988
2.31538
2.30486
2.41240
2.39537
2.48334
2.49114
2.47213
2.45901
2.33859
2.35319
2.28103
2.35221
2.24729
2.29118
2.20938
2.29624
2.32535
2.42708
2.40431
2.35711
2.33472
2.32255
2.35622
2.36615
2.40911
2.37132
2.32264
2.28991
2.27496
2.27843
2.25171
2.25606
2.25736
2.29336
2.30400
2.28570
2.24900
2.25506
2.24340
2.26637
2.26188
2.29651
2.26189
2.27722
2.25179
2.24881
2.19835
2.19738
2.19295
2.20332
2.18868
2.20561
2.19483
2.19104
2.19926
2.21006
2.21090
2.18394
2.17251
2.29391
2.38777
2.46454
2.41177
2.41026
2.39023
2.36917
2.35845
2.37596
2.38642
2.36443
2.32239
2.35279
2.35048
2.38892
2.36347
2.31483
2.28728
2.23921
2.23727
2.23788
2.26542
2.31521
2.27524
2.28750
2.27584
2.29566
2.27169
2.27971
2.29248
2.27077
2.24183
2.18255
2.18075
2.16931
2.19474
2.19598
2.19870
2.18820
2.16950
2.14935
2.14145
2.16345
2.18950
2.20096
2.16677
NPHI 138
0.32325
0.28687
0.28469
0.26017
0.28882
0.29774
0.30301
0.31655
0.27241
0.29477
0.23445
0.22210
0.22406
0.26342
0.26834
0.22563
0.22136
0.24372
0.23686
0.24543
0.25160
0.23976
0.21009
0.19937
0.23559
0.20883
0.17472
0.15815
0.18262
0.26251
0.26255
0.25045
0.19199
0.23098
0.24006
0.28670
0.29905
0.33997
0.34896
0.32468
0.30943
0.25058
0.26105
0.22886
0.26340
0.21544
0.21546
0.16778
0.20367
0.24027
0.27157
0.24462
0.21069
0.22409
0.24396
0.26764
0.26524
0.29035
0.26804
0.25041
0.22867
0.23347
0.22564
0.19672
0.20838
0.23280
0.25575
0.24083
0.21046
0.18361
0.18613
0.18725
0.21156
0.21224
0.22095
0.20751
0.21161
0.19331
0.19008
0.15697
0.16571
0.17006
0.18828
0.17775
0.18515
0.18575
0.18773
0.17694
0.17372
0.16852
0.16120
0.15276
0.14249
0.19110
0.23575
0.30303
0.30974
0.30303
0.27442
0.24579
0.25621
0.26871
0.28173
0.25589
0.25982
0.23486
0.25666
0.22906
0.22757
0.20964
0.20696
0.20291
0.20489
0.21228
0.22131
0.20386
0.21111
0.21200
0.23943
0.23604
0.24435
0.23218
0.20661
0.18629
0.15084
0.14194
0.14848
0.17054
0.17395
0.16867
0.17326
0.18419
0.17896
0.15833
0.16393
0.17090
0.19175
0.20006
DT 138
96.23315
88.12461
86.94706
81.83102
87.39262
88.65458
88.69596
92.08680
88.72902
93.35604
80.28862
75.11585
78.94527
83.18070
80.64589
70.33290
70.61790
78.00985
78.67080
80.49372
80.71548
78.15856
72.65951
68.10934
72.57994
68.30024
64.17395
63.84245
69.73973
83.89319
85.98946
83.42620
73.79457
80.75760
81.93936
91.39113
90.18843
100.94232
97.40496
93.51521
83.43519
74.76024
78.83288
76.36390
86.00891
73.62757
76.56393
66.56447
74.37961
76.13039
84.47533
80.59079
79.12567
77.84371
80.25459
86.63381
84.34248
87.20447
80.33498
80.72694
77.17601
75.97923
73.36946
71.82428
74.15562
75.97983
78.16516
77.35615
72.56675
70.07207
69.84965
70.18296
77.36844
77.55556
79.74634
73.55135
73.61712
74.70418
71.98683
66.70836
64.17031
67.29167
69.33189
67.84788
64.63410
64.11404
64.03657
65.26242
65.70245
66.08965
66.39464
64.62842
63.81239
73.14124
77.97679
87.56484
85.91448
90.34089
87.19454
83.16160
80.07451
81.07468
81.33916
80.37738
80.95010
79.56277
85.24727
81.54404
78.89720
72.10158
71.03905
72.35566
72.23672
74.06135
77.77493
79.48581
78.66357
71.37283
71.49900
71.44177
75.66981
71.37791
67.49480
66.09453
64.66691
65.00494
63.25136
67.65095
70.05365
72.69156
68.70782
66.12964
65.75721
65.50409
66.96971
63.49913
66.97690
72.89825
FACIES 138
1.00000
1.00000
3.00000
1.00000
3.00000
1.00000
1.00000
3.00000
1.00000
3.00000
2.00000
4.00000
4.00000
2.00000
2.00000
4.00000
4.00000
2.00000
2.00000
4.00000
2.00000
2.00000
5.00000
3.00000
3.00000
3.00000
5.00000
5.00000
3.00000
3.00000
6.00000
7.00000
7.00000
7.00000
6.00000
7.00000
6.00000
6.00000
6.00000
6.00000
2.00000
2.00000
4.00000
2.00000
4.00000
2.00000
5.00000
3.00000
5.00000
2.00000
2.00000
2.00000
3.00000
3.00000
2.00000
3.00000
2.00000
2.00000
2.00000
3.00000
3.00000
3.00000
3.00000
3.00000
4.00000
3.00000
3.00000
3.00000
3.00000
4.00000
4.00000
3.00000
4.00000
3.00000
3.00000
3.00000
4.00000
3.00000
4.00000
4.00000
5.00000
4.00000
4.00000
4.00000
5.00000
4.00000
4.00000
5.00000
4.00000
4.00000
5.00000
4.00000
5.00000
8.00000
1.00000
2.00000
2.00000
1.00000
2.00000
3.00000
2.00000
2.00000
2.00000
2.00000
3.00000
2.00000
3.00000
2.00000
3.00000
4.00000
3.00000
4.00000
4.00000
3.00000
3.00000
3.00000
4.00000
3.00000
3.00000
3.00000
3.00000
3.00000
3.00000
5.00000
4.00000
5.00000
5.00000
4.00000
4.00000
4.00000
4.00000
4.00000
5.00000
4.00000
5.00000
4.00000
4.00000
4.00000
2
FACIES 82
1 0 2
3 2 1
1 3 1
3 4 1
1 5 2
3 7 1
1 8 1
3 9 1
2 10 1
4 11 2
2 13 2
4 15 2
2 17 2
4 19 1
2 20 2
5 22 1
3 23 3
5 26 2
3 28 2
6 30 1
7 31 3
6 34 1
7 35 1
6 36 4
2 40 2
4 42 1
2 43 1
4 44 1
2 45 1
5 46 1
3 47 1
5 48 1
2 49 3
3 52 2
2 54 1
3 55 1
2 56 3
3 59 5
4 64 1
3 65 4
4 69 2
3 71 1
4 72 1
3 73 3
4 76 1
3 77 1
4 78 2
5 80 1
4 81 3
5 84 1
4 85 2
5 87 1
4 88 2
5 90 1
4 91 1
5 92 1
8 93 1
1 94 1
2 95 2
1 97 1
2 98 1
3 99 1
2 100 4
3 104 1
2 105 1
3 106 1
2 107 1
3 108 1
4 109 1
3 110 1
4 111 2
3 113 3
4 116 1
3 117 6
5 123 1
4 124 1
5 125 2
4 127 5
5 132 1
4 133 1
5 134 1
4 135 3
BIOZONE 3
0 0 30
1 30 63
2 93 45

SM_08
150
957.15925 3302.66680 0.00000 74.50000
7
DEPTH 150
0.00000
0.50000
1.00000
1.50000
2.00000
2.50000
3.00000
3.50000
4.00000
4.50000
5.00000
5.50000
6.00000
6.50000
7.00000
7.50000
8.00000
8.50000
9.00000
9.50000
10.00000
10.50000
11.00000
11.50000
12.00000
12.50000
13.00000
13.50000
14.00000
14.50000
15.00000
15.50000
16.00000
16.50000
17.00000
17.50000
18.00000
18.50000
19.00000
19.50000
20.00000
20.50000
21.00000
21.50000
22.00000
22.50000
23.00000
23.50000
24.00000
24.50000
25.00000
25.50000
26.00000
26.50000
27.00000
27.50000
28.00000
28.50000
29.00000
29.50000
30.00000
30.50000
31.00000
31.50000
32.00000
32.50000
33.00000
33.50000
34.00000
34.50000
35.00000
35.50000
36.00000
36.50000
37.00000
37.50000
38.00000
38.50000
39.00000
39.50000
40.00000
40.50000
41.00000
41.50000
42.00000
42.50000
43.00000
43.50000
44.00000
44.50000
45.00000
45.50000
46.00000
46.50000
47.00000
47.50000
48.00000
48.50000
49.00000
49.50000
50.00000
50.50000
51.00000
51.50000
52.00000
52.50000
53.00000
53.50000
54.00000
54.50000
55.00000
55.50000
56.00000
56.50000
57.00000
57.50000
58.00000
58.50000
59.00000
59.50000
60.00000
60.50000
61.00000
61.50000
62.00000
62.50000
63.00000
63.50000
64.00000
64.50000
65.00000
65.50000
66.00000
66.50000
67.00000
67.50000
68.00000
68.50000
69.00000
69.50000
70.00000
70.50000
71.00000
71.50000
72.00000
72.50000
73.00000
73.50000
74.00000
74.50000
GR 150
65.54137
84.66212
83.39313
68.93127
91.50813
114.01407
130.18004
131.38775
129.09492
102.38822
87.65057
76.55910
87.11055
85.55794
85.70711
90.41730
95.15745
97.23718
101.09807
105.34250
101.15934
76.91871
73.76737
72.14684
76.37199
68.36241
62.98589
66.08766
59.01557
59.66996
62.78503
66.01770
85.24054
94.67891
85.89927
87.91776
92.88138
111.12942
110.69696
84.55678
59.16914
50.40067
71.13828
78.48126
72.92994
74.26858
91.21725
86.25789
76.29432
69.82718
71.72908
67.10309
81.67853
86.54919
89.70083
80.02611
74.06063
81.57307
76.16507
82.42411
84.98776
94.57171
97.45647
87.36542
82.46612
61.76772
61.19565
55.63903
56.50896
60.99091
58.81638
66.92357
62.76805
66.80211
71.40119
76.06737
70.23320
69.11925
65.12706
66.86596
63.72340
63.34290
56.85094
48.45647
52.64999
57.81110
56.56736
44.66040
43.87954
40.63199
34.55486
30.75047
28.77041
26.46181
28.80306
37.62902
46.70707
39.43618
41.47969
40.47438
44.07176
70.85176
87.77699
118.12006
115.26981
114.42527
89.34620
77.58394
72.43766
84.71841
88.65262
93.50886
94.97062
83.12270
72.11271
67.47835
69.25374
71.73596
56.31533
52.83235
51.22925
62.79590
54.45069
58.59115
54.26492
66.42193
62.74171
64.34791
66.59024
66.48547
68.83936
67.12402
70.44172
60.24985
46.27461
36.14117
33.40190
32.23968
26.68732
31.19704
35.75552
42.57031
39.40558
37.98820
39.94259
38.62571
39.06624
36.29457
35.91421
30.32255
RT 150
7.68583
5.12922
5.57179
8.15615
6.60355
4.32177
1.72815
1.71017
1.57149
3.89373
4.04759
4.64117
2.85175
3.03882
2.60422
2.93373
2.88716
3.32807
3.38965
3.65502
3.34307
7.03483
6.45843
8.63241
5.15978
8.41086
8.23947
8.49170
6.85984
6.80981
7.77860
9.00710
7.12174
4.98942
5.67512
5.55555
5.56337
2.33423
2.12765
5.46075
9.31778
9.20216
6.27944
6.12017
6.39955
6.13975
2.61801
2.72387
4.48223
6.22488
8.38242
8.34118
6.63009
4.94453
4.75173
4.67604
4.51311
3.18521
5.38889
5.45902
5.62065
3.84539
3.55475
3.26343
2.68969
7.15652
8.10945
10.06808
9.76511
11.18506
10.23501
7.38296
6.40547
6.32667
7.34330
7.88520
8.42791
7.94760
7.69187
8.14310
7.26908
7.03669
9.56234
13.03887
13.72266
12.92803
12.33145
13.30048
16.08291
15.51756
22.09668
18.33468
23.53001
22.05501
22.50353
16.67666
12.97426
16.80141
19.06696
18.56923
18.06651
12.42364
8.32511
1.48111
1.57682
1.84124
3.96083
4.50214
5.49544
3.90685
3.90300
2.88267
3.13447
4.82765
6.58397
6.17102
5.82147
5.42867
9.63553
9.13968
8.20550
6.35408
9.42396
10.11108
9.36376
7.43866
9.51167
9.61135
9.20690
7.83980
7.89524
8.36005
8.43319
10.54914
13.73785
15.62164
20.09898
18.23443
18.29777
14.06817
14.80065
15.70400
15.57285
16.29056
16.06336
17.09184
15.75477
15.16149
16.07831
20.33608
RHOB 150
2.27559
2.34157
2.35299
2.30502
2.35441
2.39246
2.43780
2.43553
2.44005
2.38807
2.38181
2.37617
2.41012
2.40965
2.40121
2.40252
2.38587
2.40495
2.41095
2.42676
2.39834
2.33075
2.33299
2.32055
2.35376
2.31822
2.31211
2.32116
2.32028
2.31151
2.29429
2.29270
2.37405
2.42562
2.39819
2.39182
2.42108
2.53931
2.53087
2.43021
2.30253
2.30700
2.37668
2.39598
2.36344
2.35300
2.40322
2.39499
2.35029
2.34295
2.33617
2.34134
2.34384
2.35654
2.37050
2.37719
2.38153
2.39228
2.35250
2.36867
2.38612
2.42894
2.41068
2.40643
2.38781
2.32446
2.27806
2.26698
2.26885
2.27177
2.26754
2.28548
2.28317
2.27521
2.27903
2.28361
2.29719
2.30715
2.32379
2.31915
2.29676
2.27851
2.24881
2.23270
2.24710
2.23943
2.24787
2.21053
2.21208
2.20602
2.19088
2.18905
2.17246
2.16628
2.16580
2.18140
2.19743
2.19520
2.20461
2.21127
2.32568
2.39291
2.45919
2.42630
2.43215
2.42172
2.38224
2.38423
2.36499
2.40105
2.40396
2.42741
2.42263
2.36442
2.33958
2.34395
2.34815
2.33409
2.24394
2.23714
2.25453
2.30460
2.27992
2.27427
2.27271
2.30846
2.27371
2.26979
2.26491
2.29066
2.29452
2.28664
2.28698
2.24858
2.22009
2.18799
2.17430
2.17003
2.17178
2.18937
2.19432
2.18437
2.17078
2.18225
2.17995
2.18885
2.17638
2.18559
2.18975
2.19363
NPHI 150
0.25045
0.24033
0.24550
0.22924
0.27016
0.29005
0.32138
0.32354
0.31551
0.28794
0.27198
0.26864
0.29285
0.29849
0.29500
0.28920
0.27668
0.28197
0.28067
0.27492
0.25750
0.22664
0.25697
0.23679
0.24874
0.20363
0.21012
0.20551
0.21035
0.20685
0.20841
0.21242
0.25899
0.30084
0.30590
0.31947
0.31165
0.34179
0.31595
0.27609
0.23880
0.26292
0.28324
0.27664
0.24818
0.24804
0.27750
0.27156
0.25184
0.22886
0.21469
0.21482
0.24053
0.25367
0.25973
0.24313
0.25669
0.28114
0.26776
0.26312
0.24676
0.27994
0.27971
0.29473
0.27902
0.24590
0.23388
0.22376
0.22302
0.21499
0.21207
0.23403
0.22062
0.21968
0.20895
0.23155
0.23377
0.23050
0.21261
0.20666
0.20776
0.20788
0.20068
0.18877
0.19948
0.20054
0.20201
0.17485
0.16410
0.16759
0.16199
0.16636
0.15503
0.15069
0.15833
0.16844
0.18541
0.16353
0.16887
0.17456
0.17751
0.21863
0.24786
0.31027
0.30074
0.30004
0.26825
0.27143
0.25435
0.28240
0.26645
0.28646
0.27856
0.27556
0.25984
0.25849
0.23868
0.22853
0.19839
0.20388
0.19943
0.21288
0.20806
0.21337
0.22149
0.23758
0.22319
0.20072
0.19049
0.20353
0.21099
0.22020
0.22901
0.21428
0.19269
0.16886
0.16115
0.16738
0.18416
0.19764
0.18163
0.16742
0.15796
0.15977
0.16047
0.17047
0.18553
0.19289
0.18953
0.18078
DT 150
70.84247
82.06786
84.39765
73.84145
82.53626
91.33201
102.17036
96.97145
93.69098
84.62935
85.65586
79.64949
84.02258
82.50905
85.58187
82.18642
81.60790
82.46462
86.18330
88.99424
87.99005
81.43714
79.47867
77.02812
80.28355
75.92976
73.80692
73.49526
73.34003
74.97637
74.03176
75.24089
79.79492
82.91873
84.68679
86.70765
95.57152
98.70834
96.46794
81.41963
74.04729
79.88821
88.62811
89.19201
85.26616
83.55595
88.96367
83.12972
82.97921
80.72443
77.04612
72.68276
76.98611
81.59436
82.54994
79.41059
77.97102
81.46775
79.21399
80.39163
78.27241
80.45975
81.41736
82.17403
83.37685
80.95534
78.56118
74.51023
73.03458
73.54664
73.09676
73.85824
72.83266
74.01169
73.98920
75.95330
74.16276
73.07953
73.07608
77.18306
78.98204
78.71598
73.22025
72.72138
74.01635
74.91595
72.09406
65.88975
63.98074
64.01251
62.47023
63.46581
62.63398
62.20335
62.83205
63.93384
68.01410
65.70655
68.96480
69.83772
69.40616
74.36792
77.90535
89.46040
90.49620
89.43388
85.06186
82.41619
80.32777
82.43925
83.54292
90.17171
89.40610
83.23814
77.50276
75.67131
78.86922
76.97898
74.06142
73.10786
74.17591
76.34116
73.32407
73.94812
71.01196
72.73207
70.04878
73.25108
73.59435
76.91742
74.87839
75.90743
73.29492
72.80719
69.13333
68.86087
66.49001
66.64881
65.32851
67.60400
67.09232
69.38137
68.89384
68.78160
67.09191
66.56722
66.94234
66.94386
68.09579
72.04431
FACIES 150
3.00000
1.00000
3.00000
3.00000
3.00000
1.00000
1.00000
1.00000
1.00000
1.00000
3.00000
2.00000
2.00000
2.00000
2.00000
2.00000
2.00000
2.00000
2.00000
2.00000
2.00000
2.00000
4.00000
2.00000
3.00000
3.00000
3.00000
3.00000
3.00000
3.00000
3.00000
3.00000
3.00000
6.00000
6.00000
7.00000
6.00000
6.00000
6.00000
6.00000
7.00000
7.00000
6.00000
2.00000
4.00000
2.00000
2.00000
2.00000
2.00000
3.00000
3.00000
3.00000
3.00000
2.00000
2.00000
3.00000
2.00000
2.00000
2.00000
3.00000
2.00000
2.00000
2.00000
2.00000
2.00000
2.00000
4.00000
3.00000
3.00000
4.00000
3.00000
3.00000
3.00000
3.00000
3.00000
3.00000
3.00000
3.00000
3.00000
3.00000
3.00000
3.00000
3.00000
4.00000
4.00000
3.00000
4.00000
4.00000
4.00000
4.00000
4.00000
5.00000
4.00000
5.00000
5.00000
4.00000
4.00000
4.00000
5.00000
4.00000
4.00000
8.00000
1.00000
2.00000
1.00000
1.00000
2.00000
3.00000
2.00000
3.00000
2.00000
2.00000
2.00000
2.00000
3.00000
3.00000
2.00000
3.00000
3.00000
4.00000
3.00000
3.00000
3.00000
4.00000
3.00000
3.00000
3.00000
4.00000
3.00000
3.00000
3.00000
3.00000
3.00000
3.00000
4.00000
4.00000
4.00000
5.00000
4.00000
4.00000
4.00000
4.00000
4.00000
4.00000
4.00000
4.00000
4.00000
4.00000
4.00000
4.00000
2
FACIES 57
3 0 1
1 1 1
3 2 3
1 5 5
3 10 1
2 11 11
4 22 1
2 23 1
3 24 9
6 33 2
7 35 1
6 36 4
7 40 2
6 42 1
2 43 1
4 44 1
2 45 4
3 49 4
2 53 2
3 55 1
2 56 3
3 59 1
2 60 6
4 66 1
3 67 2
4 69 1
3 70 13
4 83 2
3 85 1
4 86 5
5 91 1
4 92 1
5 93 2
4 95 3
5 98 1
4 99 2
8 101 1
1 102 1
2 103 1
1 104 2
2 106 1
3 107 1
2 108 1
3 109 1
2 110 4
3 114 2
2 116 1
3 117 2
4 119 1
3 120 3
4 123 1
3 124 3
4 127 1
3 128 6
4 134 3
5 137 1
4 138 12
BIOZONE 3
0 0 33
1 33 68
2 101 49

SM_09
161
994.70058 3710.79652 0.00000 80.00000
7
DEPTH 161
0.00000
0.50000
1.00000
1.50000
2.00000
2.50000
3.00000
3.50000
4.00000
4.50000
5.00000
5.50000
6.00000
6.50000
7.00000
7.50000
8.00000
8.50000
9.00000
9.50000
10.00000
10.50000
11.00000
11.50000
12.00000
12.50000
13.00000
13.50000
14.00000
14.50000
15.00000
15.50000
16.00000
16.50000
17.00000
17.50000
18.00000
18.50000
19.00000
19.50000
20.00000
20.50000
21.00000
21.50000
22.00000
22.50000
23.00000
23.50000
24.00000
24.50000
25.00000
25.50000
26.00000
26.50000
27.00000
27.50000
28.00000
28.50000
29.00000
29.50000
30.00000
30.50000
31.00000
31.50000
32.00000
32.50000
33.00000
33.50000
34.00000
34.50000
35.00000
35.50000
36.00000
36.50000
37.00000
37.50000
38.00000
38.50000
39.00000
39.50000
40.00000
40.50000
41.00000
41.50000
42.00000
42.50000
43.00000
43.50000
44.00000
44.50000
45.00000
45.50000
46.00000
46.50000
47.00000
47.50000
48.00000
48.50000
49.00000
49.50000
50.00000
50.50000
51.00000
51.50000
52.00000
52.50000
53.00000
53.50000
54.00000
54.50000
55.00000
55.50000
56.00000
56.50000
57.00000
57.50000
58.00000
58.50000
59.00000
59.50000
60.00000
60.50000
61.00000
61.50000
62.00000
62.50000
63.00000
63.50000
64.00000
64.50000
65.00000
65.50000
66.00000
66.50000
67.00000
67.50000
68.00000
68.50000
69.00000
69.50000
70.00000
70.50000
71.00000
71.50000
72.00000
72.50000
73.00000
73.50000
74.00000
74.50000
75.00000
75.50000
76.00000
76.50000
77.00000
77.50000
78.00000
78.50000
79.00000
79.50000
80.00000
GR 161
129.03655
125.01542
125.00486
119.61203
118.75173
111.90076
106.84861
110.26585
108.10204
112.65470
101.35454
102.78927
97.25739
100.19867
92.03171
88.76330
90.19900
89.19884
89.15806
87.52763
81.47048
83.02844
66.01989
74.49899
67.85094
79.21389
78.09396
76.70582
73.99774
68.00474
64.85309
66.87128
68.28437
67.99853
81.07624
97.03195
113.64444
111.17357
108.37251
102.52493
99.69594
100.93483
105.59524
109.34276
88.30889
79.13114
58.23143
56.69436
70.37577
86.45498
96.59133
69.47345
58.52448
60.67108
67.07092
66.80804
76.43287
84.66573
99.14191
84.82392
79.61935
79.08939
76.08496
72.82865
55.53876
60.26963
78.00483
91.91810
94.55348
88.04811
85.31806
80.35445
69.70165
62.64524
65.32373
69.80225
64.43382
63.09770
60.87382
67.17367
62.79595
63.83387
64.42085
69.00072
56.99548
60.12567
56.47094
61.62110
47.53690
46.79127
53.91091
64.47861
62.59720
51.25215
37.57417
31.54549
30.83572
29.64800
32.41451
36.53126
42.02434
43.25681
43.32432
42.71130
42.41313
37.82945
40.12284
32.17032
39.27582
66.98960
95.87332
113.00219
108.14758
103.24377
99.60275
94.70537
90.90343
86.30311
78.85165
80.72085
81.75275
79.85501
76.19156
77.74675
83.41361
77.23640
71.39025
62.66319
67.15784
62.50155
58.25635
58.17794
58.84429
64.06200
55.15564
58.94326
52.72386
62.44151
62.40458
70.19339
65.93312
67.89712
68.53307
62.86696
53.97050
45.60991
47.60253
39.04002
38.91896
34.55215
38.83428
35.03306
34.66194
31.87910
29.79287
32.18244
28.75330
33.94700
32.50276
40.82046
44.10985
RT 161
0.76379
1.45818
1.49680
1.49717
1.31369
1.43025
1.45310
1.40400
1.51947
1.56538
2.13685
2.74852
3.20058
2.82554
2.82415
2.60349
3.03979
3.08974
3.45983
3.43296
3.22803
2.93668
7.08460
6.87696
8.89523
6.18531
7.92484
7.76704
8.09580
8.32473
7.92266
7.32845
6.90536
6.67427
5.20726
3.40907
2.08369
1.98857
2.23301
2.22258
2.32245
2.05603
1.62578
1.39020
6.76539
7.46295
11.88050
11.40290
11.35367
7.37313
2.52933
5.35911
6.92260
9.40632
8.66885
9.20878
7.10207
4.89981
2.94649
2.87033
5.15100
4.91352
7.62327
7.44069
9.75405
7.10118
5.07900
2.91335
2.69623
2.84503
2.78661
5.98394
7.54227
8.98184
7.14201
8.13788
10.77063
11.92524
10.91291
8.34896
8.11803
8.32799
8.13092
7.56973
10.58544
9.84398
10.52170
6.93496
11.97989
11.00751
10.23538
6.17370
9.45251
13.36462
20.55143
20.30911
18.59505
17.05264
15.24047
17.03937
12.03404
12.81136
13.59444
15.67122
17.23617
16.22037
17.05239
18.69192
19.00257
13.43252
6.63207
1.71425
1.70002
1.78899
1.91199
2.41606
2.68602
3.07221
4.63005
4.71866
4.62798
4.97729
5.10898
4.79491
2.68930
4.06601
5.98848
8.21568
9.20705
9.17489
11.22105
10.71817
10.36931
8.39909
9.38210
10.37771
13.31541
11.56349
10.71105
7.43685
7.63541
7.67832
7.17199
11.51395
13.54888
16.05488
16.28719
17.37838
18.48395
15.44875
14.84925
13.96975
15.12362
15.64159
18.76342
17.87873
21.25896
19.31766
20.25900
16.23953
14.70601
RHOB 161
2.44809
2.44824
2.44718
2.44976
2.46686
2.46267
2.46371
2.44858
2.45643
2.45788
2.44695
2.43616
2.42264
2.41506
2.40999
2.39594
2.39069
2.39179
2.41702
2.41461
2.40995
2.40136
2.33187
2.33611
2.28539
2.31527
2.26716
2.27220
2.29104
2.30701
2.31382
2.31353
2.30646
2.30424
2.34341
2.41216
2.47846
2.50157
2.48579
2.48180
2.49226
2.50434
2.50022
2.47815
2.39607
2.38898
2.28941
2.27367
2.23287
2.30625
2.37196
2.32878
2.29665
2.26341
2.28528
2.30719
2.34257
2.39846
2.41404
2.39800
2.35435
2.34501
2.32815
2.31969
2.27978
2.31764
2.36935
2.41452
2.40405
2.38887
2.39184
2.36305
2.32886
2.28300
2.28618
2.29752
2.27968
2.28799
2.28251
2.29937
2.27842
2.27938
2.28173
2.28606
2.24796
2.25314
2.24286
2.29151
2.28350
2.29992
2.27932
2.30236
2.27328
2.23683
2.18118
2.18476
2.19963
2.18447
2.16885
2.16974
2.20687
2.20594
2.20758
2.19046
2.19698
2.17528
2.17860
2.16343
2.30268
2.39215
2.49344
2.45378
2.44438
2.41719
2.40038
2.39010
2.40078
2.40477
2.36595
2.36401
2.34862
2.35383
2.36759
2.38536
2.41749
2.36874
2.32972
2.29618
2.28803
2.28564
2.24661
2.25402
2.23684
2.28105
2.24335
2.27459
2.24219
2.27296
2.27120
2.30634
2.30491
2.30101
2.28438
2.25865
2.21129
2.19144
2.19393
2.20524
2.18659
2.19183
2.17659
2.20092
2.19670
2.19622
2.16613
2.17068
2.17067
2.19150
2.19542
2.20866
2.20762
NPHI 161
0.32656
0.31038
0.30809
0.30647
0.31249
0.32707
0.33038
0.32837
0.31186
0.30603
0.28750
0.26463
0.26368
0.27517
0.28051
0.27278
0.26880
0.27417
0.28861
0.28428
0.28712
0.29216
0.26053
0.25512
0.22086
0.23479
0.21610
0.21632
0.20914
0.21393
0.21085
0.21680
0.21120
0.22633
0.26661
0.32602
0.36062
0.37246
0.37177
0.36165
0.37884
0.36166
0.38924
0.35872
0.31531
0.27612
0.22057
0.21326
0.21295
0.24672
0.29973
0.27563
0.26603
0.23355
0.24338
0.23406
0.25205
0.26477
0.28171
0.28066
0.24719
0.26082
0.23939
0.24250
0.21737
0.22994
0.26773
0.28029
0.27517
0.25988
0.25907
0.24894
0.24289
0.23263
0.21951
0.21238
0.19937
0.21068
0.20120
0.19475
0.19424
0.20475
0.21640
0.22079
0.20838
0.20842
0.20769
0.20479
0.19987
0.19580
0.21506
0.22089
0.20581
0.18472
0.16207
0.17147
0.17051
0.16947
0.16113
0.16847
0.17345
0.18371
0.17832
0.18436
0.16879
0.17074
0.17387
0.16582
0.14960
0.18050
0.24468
0.31079
0.31154
0.30562
0.29212
0.29190
0.28011
0.27194
0.24968
0.25756
0.26063
0.26705
0.25591
0.24591
0.25733
0.24412
0.23617
0.21503
0.21832
0.22343
0.21308
0.21757
0.20575
0.22854
0.21276
0.21838
0.19555
0.19600
0.19996
0.21417
0.22547
0.21143
0.21666
0.19435
0.19649
0.18493
0.18670
0.18037
0.17989
0.18586
0.18781
0.17788
0.17406
0.17696
0.16946
0.17206
0.15412
0.15889
0.16023
0.16498
0.14615
DT 161
98.33729
95.55534
94.26969
95.01995
91.81576
91.52615
92.37762
94.37060
95.98254
95.23117
93.96527
90.95905
85.95118
86.05126
83.90935
84.68679
85.63814
86.41246
88.64301
88.23732
89.99668
89.96971
83.23476
83.09185
76.93336
79.33997
75.59343
76.30829
75.94274
75.57137
77.44705
78.96457
75.88828
71.21009
76.38560
87.68639
95.64927
96.74651
94.61435
96.38293
98.74855
99.90588
97.36610
94.49283
83.72319
83.00865
74.78881
74.60881
75.04498
82.22946
87.90378
82.62484
81.62641
76.44184
76.06539
70.83275
81.40714
86.22633
88.29797
82.68071
79.13125
82.27585
81.61938
81.01649
74.26976
76.41143
83.85391
88.18923
88.81652
87.19913
87.98191
80.30375
76.39898
73.23257
74.50770
74.64267
73.33151
76.52007
76.49372
75.89411
76.19725
72.14847
72.11630
69.58391
72.17074
74.70918
77.27716
80.62644
76.92144
73.89615
70.50113
73.17245
71.99155
68.79036
64.55353
66.39559
68.54375
68.20050
66.17467
67.73957
71.30801
70.45717
66.74890
62.59442
63.37856
64.35247
67.76989
67.80670
65.13935
70.98248
78.92826
92.49788
96.86897
95.48825
89.23036
86.16661
87.15825
87.19392
81.27492
79.46308
80.48431
80.57664
76.85008
75.19629
76.75546
77.46888
74.50631
74.12480
73.02909
75.43800
71.03061
72.76747
72.80297
76.37105
74.69450
76.57325
74.47012
71.97936
69.67405
69.95074
70.63782
71.99930
72.80803
73.81555
70.26322
68.16180
65.98234
64.99076
66.91233
66.50549
64.72046
65.11813
65.69652
67.12737
64.10131
67.20988
64.91587
67.85070
66.85001
69.95026
68.58783
FACIES 161
1.00000
1.00000
1.00000
1.00000
1.00000
1.00000
1.00000
1.00000
1.00000
1.00000
1.00000
2.00000
2.00000
2.00000
2.00000
2.00000
2.00000
2.00000
2.00000
2.00000
2.00000
2.00000
2.00000
4.00000
2.00000
3.00000
3.00000
3.00000
3.00000
3.00000
3.00000
3.00000
3.00000
3.00000
3.00000
6.00000
6.00000
6.00000
6.00000
6.00000
6.00000
6.00000
6.00000
6.00000
6.00000
7.00000
2.00000
4.00000
4.00000
2.00000
2.00000
2.00000
4.00000
3.00000
3.00000
3.00000
3.00000
2.00000
2.00000
2.00000
2.00000
3.00000
2.00000
3.00000
3.00000
3.00000
2.00000
2.00000
2.00000
2.00000
2.00000
2.00000
3.00000
3.00000
3.00000
3.00000
3.00000
4.00000
3.00000
3.00000
3.00000
3.00000
3.00000
3.00000
3.00000
4.00000
3.00000
3.00000
3.00000
4.00000
3.00000
3.00000
3.00000
4.00000
4.00000
5.00000
4.00000
4.00000
5.00000
4.00000
4.00000
4.00000
4.00000
4.00000
4.00000
4.00000
4.00000
4.00000
5.00000
8.00000
1.00000
1.00000
1.00000
1.00000
2.00000
2.00000
2.00000
2.00000
2.00000
3.00000
2.00000
2.00000
3.00000
2.00000
2.00000
2.00000
3.00000
3.00000
3.00000
3.00000
3.00000
4.00000
3.00000
3.00000
3.00000
4.00000
3.00000
4.00000
3.00000
3.00000
3.00000
3.00000
3.00000
3.00000
4.00000
4.00000
4.00000
4.00000
4.00000
4.00000
4.00000
4.00000
4.00000
4.00000
4.00000
5.00000
4.00000
5.00000
4.00000
4.00000
4.00000
2
FACIES 49
1 0 11
2 11 12
4 23 1
2 24 1
3 25 10
6 35 10
7 45 1
2 46 1
4 47 2
2 49 3
4 52 1
3 53 4
2 57 4
3 61 1
2 62 1
3 63 3
2 66 6
3 72 5
4 77 1
3 78 7
4 85 1
3 86 3
4 89 1
3 90 3
4 93 2
5 95 1
4 96 2
5 98 1
4 99 9
5 108 1
8 109 1
1 110 4
2 114 5
3 119 1
2 120 2
3 122 1
2 123 3
3 126 5
4 131 1
3 132 3
4 135 1
3 136 1
4 137 1
3 138 6
4 144 11
5 155 1
4 156 1
5 157 1
4 158 3
BIOZONE 3
0 0 35
1 35 74
2 109 52

SM_10
173
953.24102 4090.68227 0.00000 86.00000
7
DEPTH 173
0.00000
0.50000
1.00000
1.50000
2.00000
2.50000
3.00000
3.50000
4.00000
4.50000
5.00000
5.50000
6.00000
6.50000
7.00000
7.50000
8.00000
8.50000
9.00000
9.50000
10.00000
10.50000
11.00000
11.50000
12.00000
12.50000
13.00000
13.50000
14.00000
14.50000
15.00000
15.50000
16.00000
16.50000
17.00000
17.50000
18.00000
18.50000
19.00000
19.50000
20.00000
20.50000
21.00000
21.50000
22.00000
22.50000
23.00000
23.50000
24.00000
24.50000
25.00000
25.50000
26.00000
26.50000
27.00000
27.50000
28.00000
28.50000
29.00000
29.50000
30.00000
30.50000
31.00000
31.50000
32.00000
32.50000
33.00000
33.50000
34.00000
34.50000
35.00000
35.50000
36.00000
36.50000
37.00000
37.50000
38.00000
38.50000
39.00000
39.50000
40.00000
40.50000
41.00000
41.50000
42.00000
42.50000
43.00000
43.50000
44.00000
44.50000
45.00000
45.50000
46.00000
46.50000
47.00000
47.50000
48.00000
48.50000
49.00000
49.50000
50.00000
50.50000
51.00000
51.50000
52.00000
52.50000
53.00000
53.50000
54.00000
54.50000
55.00000
55.50000
56.00000
56.50000
57.00000
57.50000
58.00000
58.50000
59.00000
59.50000
60.00000
60.50000
61.00000
61.50000
62.00000
62.50000
63.00000
63.50000
64.00000
64.50000
65.00000
65.50000
66.00000
66.50000
67.00000
67.50000
68.00000
68.50000
69.00000
69.50000
70.00000
70.50000
71.00000
71.50000
72.00000
72.50000
73.00000
73.50000
74.00000
74.50000
75.00000
75.50000
76.00000
76.50000
77.00000
77.50000
78.00000
78.50000
79.00000
79.50000
80.00000
80.50000
81.00000
81.50000
82.00000
82.50000
83.00000
83.50000
84.00000
84.50000
85.00000
85.50000
86.00000
GR 173
125.68831
121.34121
122.20146
122.50199
126.43036
123.27964
124.28616
121.45107
117.55320
111.88847
105.44190
104.52208
96.27116
99.85817
91.59327
93.75325
90.48204
96.11707
94.14934
91.69703
89.17963
85.23869
88.39237
84.80318
79.83591
69.90771
66.50341
67.67482
65.72422
66.65843
66.47624
67.00695
64.51990
58.15703
60.89608
56.56014
59.45897
74.44777
100.30463
117.51729
112.38733
105.00282
109.35359
110.60597
112.85697
108.44438
111.18972
108.26567
111.40308
102.04103
93.66933
88.15643
94.25546
95.82267
95.30715
97.07226
90.20422
76.15302
59.23076
60.90905
73.96777
82.88158
81.98202
80.29134
83.53404
87.94432
82.08124
81.59233
89.62690
97.46089
94.61796
90.53529
82.94090
87.45691
86.19631
87.29398
85.00562
81.76146
79.15568
69.32912
72.34895
72.23304
72.18897
66.61362
64.09242
61.03364
56.45259
59.67713
59.68301
63.18410
61.53059
65.74229
71.30724
71.36414
69.33303
66.43401
64.62641
65.63899
62.63041
55.83889
46.98021
37.78563
38.96537
38.90001
39.58887
36.05387
41.60450
37.60118
41.17041
36.09570
38.14251
36.50407
34.51904
38.42272
37.73194
38.25133
36.63535
62.83277
89.04574
115.13343
115.94722
106.41287
94.23911
84.66898
85.41647
83.93850
89.44755
93.93189
91.96620
89.30495
86.45957
87.14718
85.26447
77.84248
71.46965
64.98630
62.69462
67.60799
63.59572
63.23018
63.23574
64.47205
65.43344
63.70419
68.69428
71.11666
74.51736
68.53638
70.11427
67.13912
67.30234
67.01115
62.62796
57.15847
46.06442
44.47355
41.54688
38.94845
34.37403
32.81882
31.67837
31.34190
31.41886
34.06313
39.28156
43.33059
42.22452
38.16457
33.37726
39.84820
43.61978
45.85566
37.25608
RT 173
1.06752
0.94759
1.04052
1.30037
1.43203
1.63517
1.63689
1.56392
1.39813
1.44840
2.04673
2.66731
3.20526
3.00877
2.83600
3.02867
3.48166
3.26134
2.92388
2.65528
3.02407
3.14078
3.05327
2.92352
2.88275
4.15789
5.48285
6.96602
7.52434
7.28293
7.40524
7.52470
7.72555
8.09085
8.43608
9.37297
8.51608
5.99739
3.62273
2.18388
2.11722
2.02751
2.06459
1.85891
1.91566
1.97325
2.09551
1.95242
1.81399
2.09931
2.78882
3.30652
3.42011
3.06451
3.28440
3.41434
4.26813
6.03995
7.47637
7.87261
5.72830
4.21718
3.08959
3.04748
2.71162
2.32563
2.18715
2.67065
2.96110
2.89621
2.73107
2.86709
3.34498
3.01532
2.70866
2.46829
2.62181
4.17896
5.95792
7.52675
7.88459
7.96286
8.79008
8.09557
8.27085
7.47447
8.52981
7.78550
7.96558
8.01443
8.21162
8.59506
9.26217
9.40865
8.16345
6.10032
6.13911
6.91949
8.44727
9.39103
12.41986
14.39313
16.25860
16.12340
16.32553
14.93048
16.06214
13.79629
14.91518
13.24727
15.00521
16.73752
16.57534
16.76309
15.13192
14.29291
15.20604
10.42692
6.89078
1.49127
1.42884
1.87886
2.02166
2.50637
2.86678
2.94217
3.25480
3.36076
3.55445
3.52827
3.24943
3.03919
2.96649
2.88974
4.48357
5.79104
7.99717
8.81465
9.93971
8.97331
8.77914
7.35866
7.62554
6.96201
7.08601
7.30059
7.59762
8.02121
8.13734
7.85439
8.09392
8.26868
8.75326
11.99408
14.61965
17.85189
17.51751
15.77143
13.54874
12.27015
13.28307
13.15705
13.10884
14.41794
15.14307
15.50707
13.18589
14.25341
14.23957
16.00924
14.90852
15.29539
15.72113
RHOB 173
2.44349
2.45270
2.45291
2.46291
2.45930
2.45613
2.44693
2.44167
2.45244
2.44676
2.42997
2.40939
2.40356
2.41695
2.41846
2.42639
2.41740
2.41188
2.41003
2.40613
2.41561
2.40853
2.40204
2.39958
2.38376
2.36327
2.32157
2.29062
2.28356
2.28194
2.29085
2.29557
2.29860
2.30834
2.30786
2.29529
2.29372
2.36217
2.43435
2.48360
2.47776
2.50096
2.51308
2.52395
2.51685
2.50488
2.49802
2.47181
2.47454
2.43704
2.42503
2.39162
2.39394
2.39364
2.39082
2.37686
2.36033
2.33080
2.31262
2.28148
2.31372
2.35414
2.41180
2.41660
2.42207
2.40964
2.41130
2.39504
2.37937
2.37457
2.37365
2.38770
2.37603
2.38481
2.39526
2.41030
2.40543
2.36991
2.34882
2.32622
2.32637
2.31730
2.32022
2.31651
2.31512
2.28401
2.28408
2.26696
2.28935
2.29337
2.30988
2.30840
2.29104
2.28289
2.27271
2.27659
2.27561
2.28876
2.30146
2.27417
2.24969
2.19505
2.18655
2.17958
2.20671
2.21511
2.19843
2.18465
2.18865
2.19957
2.19341
2.18236
2.18901
2.19166
2.20435
2.19684
2.31126
2.38679
2.47571
2.45083
2.46492
2.42706
2.41267
2.38899
2.41682
2.40663
2.39489
2.39541
2.40956
2.42126
2.41900
2.40925
2.40546
2.39698
2.35369
2.33223
2.31054
2.34022
2.33336
2.32665
2.31843
2.31497
2.29772
2.27917
2.27347
2.30535
2.30843
2.31623
2.30949
2.32965
2.30796
2.29089
2.26480
2.23469
2.21162
2.20077
2.20486
2.19007
2.18506
2.19190
2.20385
2.19529
2.20321
2.20047
2.20611
2.20232
2.20518
2.19140
2.19230
2.18526
2.19268
2.19420
2.20830
NPHI 173
0.35878
0.32942
0.31517
0.31063
0.31244
0.30165
0.30424
0.30871
0.32236
0.31721
0.29622
0.28824
0.29837
0.29450
0.28764
0.27617
0.28232
0.27011
0.26961
0.26092
0.27996
0.26852
0.25273
0.24281
0.25913
0.26107
0.25441
0.22607
0.22039
0.22120
0.21903
0.22070
0.20981
0.22042
0.21770
0.22369
0.22724
0.27883
0.32285
0.35859
0.36206
0.35966
0.35644
0.34256
0.34888
0.36134
0.36964
0.34421
0.33965
0.32943
0.32404
0.29920
0.29205
0.29228
0.28141
0.27674
0.25566
0.23675
0.22133
0.22162
0.24776
0.26622
0.29675
0.29973
0.29463
0.27436
0.27609
0.27637
0.28740
0.28201
0.29584
0.29879
0.29204
0.27607
0.27156
0.27574
0.27820
0.25322
0.24284
0.22220
0.22496
0.21690
0.21861
0.21613
0.21220
0.20187
0.21530
0.21748
0.22514
0.21533
0.22207
0.22895
0.23345
0.23584
0.23893
0.23317
0.22202
0.21739
0.20612
0.20265
0.18692
0.18500
0.18325
0.18068
0.16974
0.17182
0.17745
0.18852
0.18803
0.19131
0.18662
0.18069
0.17049
0.17995
0.18020
0.17947
0.15180
0.18714
0.23402
0.30590
0.31506
0.31042
0.30699
0.30443
0.31789
0.30714
0.29573
0.27473
0.27121
0.27998
0.28284
0.28523
0.27204
0.27095
0.25864
0.25078
0.23052
0.23067
0.22764
0.22151
0.22339
0.22482
0.22713
0.21788
0.21116
0.21354
0.20442
0.20638
0.19985
0.21165
0.20550
0.21444
0.18824
0.18901
0.17438
0.18249
0.17958
0.17367
0.16899
0.16924
0.17693
0.18352
0.18270
0.18643
0.18340
0.17720
0.16837
0.16737
0.17318
0.17501
0.17980
0.18503
0.19689
DT 173
93.70347
96.61817
96.72490
94.14171
93.68502
91.58217
92.70794
89.01528
96.42316
94.55032
94.11753
88.30669
83.36000
84.97824
82.78930
86.57390
88.40253
86.74938
86.41550
83.53991
88.46663
88.93929
89.91581
86.25635
88.21747
83.81795
80.92226
74.99662
74.95578
74.13924
73.84984
76.66550
76.61200
78.26383
75.79687
76.34855
73.56589
79.26471
89.03160
97.39928
95.21602
95.86710
94.79287
97.82284
94.27059
94.11299
95.62378
94.88339
99.80702
93.62863
90.27024
82.08553
81.11318
81.55058
82.14449
85.45877
80.35263
77.35191
71.46478
73.90854
76.60495
82.38291
86.51105
87.59953
86.91488
88.19874
89.36889
86.87576
84.01146
83.94043
85.21656
88.05979
87.14633
87.54419
80.67639
80.56370
79.08820
79.61412
77.03308
75.09720
72.89189
70.68823
72.60794
74.46561
76.93929
76.52400
78.63696
80.53348
79.06673
76.67261
74.18237
75.32623
78.25351
78.05226
77.56145
75.94012
74.12845
72.07165
70.13905
67.99802
69.16469
68.92267
70.69838
68.93933
68.73259
68.08943
70.51841
71.73364
71.81730
71.00665
67.96660
67.11209
64.88229
66.21532
67.22000
66.89278
63.79553
70.00831
78.90163
94.09324
98.29222
92.94772
86.31073
84.66452
84.53611
84.45384
78.46207
79.85969
79.13243
83.10587
83.63844
84.85334
84.98604
86.40951
84.58927
80.23002
77.91220
76.15220
76.63356
73.60837
73.99392
71.12528
74.41149
71.26343
74.40278
72.66969
76.24509
73.10405
73.54827
72.83141
78.35899
77.38956
77.32974
70.18471
68.95576
67.82658
70.01765
69.69459
67.15697
66.91316
64.67782
64.15852
62.51369
65.70650
67.26163
68.38392
65.40012
66.18014
65.41603
68.14570
66.00803
66.75969
67.55565
FACIES 173
1.00000
1.00000
1.00000
1.00000
1.00000
1.00000
1.00000
1.00000
1.00000
1.00000
1.00000
2.00000
2.00000
2.00000
2.00000
2.00000
2.00000
2.00000
2.00000
2.00000
2.00000
2.00000
2.00000
2.00000
2.00000
2.00000
3.00000
3.00000
3.00000
3.00000
3.00000
3.00000
3.00000
3.00000
3.00000
3.00000
3.00000
3.00000
6.00000
6.00000
6.00000
6.00000
6.00000
6.00000
6.00000
6.00000
6.00000
6.00000
6.00000
6.00000
2.00000
2.00000
2.00000
2.00000
2.00000
2.00000
2.00000
3.00000
3.00000
3.00000
3.00000
2.00000
2.00000
2.00000
2.00000
2.00000
2.00000
2.00000
2.00000
2.00000
2.00000
2.00000
2.00000
2.00000
2.00000
2.00000
2.00000
2.00000
3.00000
3.00000
3.00000
3.00000
3.00000
3.00000
3.00000
3.00000
3.00000
3.00000
3.00000
3.00000
3.00000
3.00000
3.00000
3.00000
3.00000
3.00000
3.00000
3.00000
3.00000
3.00000
4.00000
4.00000
4.00000
4.00000
4.00000
4.00000
4.00000
4.00000
4.00000
4.00000
4.00000
4.00000
4.00000
4.00000
4.00000
4.00000
4.00000
8.00000
1.00000
1.00000
1.00000
1.00000
2.00000
2.00000
2.00000
2.00000
2.00000
2.00000
2.00000
2.00000
2.00000
2.00000
2.00000
2.00000
2.00000
3.00000
3.00000
3.00000
3.00000
3.00000
3.00000
3.00000
3.00000
3.00000
3.00000
3.00000
3.00000
3.00000
3.00000
3.00000
3.00000
3.00000
3.00000
3.00000
4.00000
4.00000
4.00000
4.00000
4.00000
4.00000
4.00000
4.00000
4.00000
4.00000
4.00000
4.00000
4.00000
4.00000
4.00000
4.00000
4.00000
4.00000
4.00000
2
FACIES 14
1 0 11
2 11 15
3 26 12
6 38 12
2 50 7
3 57 4
2 61 17
3 78 22
4 100 17
8 117 1
1 118 4
2 122 13
3 135 19
4 154 19
BIOZONE 3
0 0 38
1 38 79
2 117 56
END
