WellIds: 0 1 2 3 4
Node 0 ( 0 0 0 0 0 )
Node 1 ( 0 0 0 0 1 )
  -> 0 (0.0763889)
Node 2 ( 0 0 0 1 1 )
  -> 0 (0.102778)
Node 3 ( 1 1 0 1 1 )
  -> 1 (0.255556)
  -> 0 (0.205556)
Node 4 ( 1 1 0 1 2 )
  -> 3 (0.0763889)
  -> 1 (0.205556)
Node 5 ( 1 1 0 2 1 )
  -> 3 (0.152778)
  -> 2 (0.255556)
Node 6 ( 1 1 0 2 2 )
  -> 3 (0.102778)
  -> 2 (0.205556)
Node 7 ( 1 2 0 2 1 )
  -> 3 (0.305556)
Node 8 ( 1 2 0 2 2 )
  -> 7 (0.0763889)
  -> 4 (0.305556)
  -> 3 (0.255556)
Node 9 ( 1 2 0 2 3 )
  -> 4 (0.255556)
  -> 8 (0.0763889)
Node 10 ( 1 2 1 3 2 )
  -> 6 (0.416667)
  -> 5 (0.366667)
Node 11 ( 1 2 1 3 3 )
  -> 6 (0.366667)
Node 12 ( 2 2 0 2 1 )
  -> 3 (0.255556)
Node 13 ( 2 2 0 2 2 )
  -> 12 (0.0763889)
  -> 4 (0.255556)
  -> 3 (0.205556)
Node 14 ( 2 2 0 2 3 )
  -> 4 (0.205556)
  -> 13 (0.0763889)
Node 15 ( 2 2 1 3 2 )
  -> 6 (0.366667)
  -> 5 (0.316667)
Node 16 ( 2 2 1 3 3 )
  -> 6 (0.316667)
Node 17 ( 2 3 1 3 2 )
  -> 7 (0.105556)
  -> 12 (0.155556)
  -> 13 (0.205556)
  -> 8 (0.155556)
Node 18 ( 2 3 1 3 3 )
  -> 14 (0.205556)
  -> 9 (0.155556)
  -> 17 (0.0763889)
  -> 13 (0.155556)
  -> 8 (0.105556)
Node 19 ( 2 3 2 3 2 )
  -> 10 (0.205556)
  -> 15 (0.255556)
  -> 17 (0.229167)
Node 20 ( 2 3 2 3 3 )
  -> 11 (0.205556)
  -> 16 (0.255556)
  -> 17 (0.229167)
  -> 18 (0.229167)
Node 21 ( 3 3 1 3 2 )
  -> 13 (0.155556)
  -> 12 (0.105556)
Node 22 ( 3 3 1 3 3 )
  -> 21 (0.0763889)
  -> 14 (0.155556)
  -> 13 (0.105556)
Node 23 ( 3 3 2 3 2 )
  -> 15 (0.205556)
  -> 21 (0.229167)
Node 24 ( 3 3 2 3 3 )
  -> 16 (0.205556)
  -> 21 (0.229167)
  -> 22 (0.229167)
Node 25 ( 3 4 2 3 2 )
  -> 21 (0.466667)
  -> 17 (0.416667)
Node 26 ( 3 4 2 3 3 )
  -> 25 (0.0763889)
  -> 21 (0.466667)
  -> 17 (0.416667)
  -> 18 (0.416667)
  -> 22 (0.466667)
Node 27 ( 3 4 3 4 2 )
  -> 25 (0.390278)
  -> 23 (0.627778)
  -> 19 (0.577778)
Node 28 ( 3 4 3 4 3 )
  -> 24 (0.627778)
  -> 20 (0.577778)
  -> 23 (0.577778)
  -> 19 (0.527778)
  -> 25 (0.340278)
  -> 26 (0.390278)
Node 29 ( 3 4 4 4 3 )
  -> 27 (0.8625)
  -> 28 (0.8625)
