WellIds: 0 1 2
Node 0 ( 0 0 0 )
Node 1 ( 1 1 1 )
  -> 0 (0.208949)
Node 2 ( 2 2 2 )
  -> 1 (0.197969)
Node 3 ( 3 3 3 )
  -> 2 (0.183572)
Node 4 ( 4 4 4 )
  -> 3 (0.166667)
Node 5 ( 5 5 5 )
  -> 4 (0.148313)
Node 6 ( 6 6 5 )
  -> 5 (0.130297)
Node 7 ( 6 6 6 )
  -> 5 (0.129666)
Node 8 ( 7 7 6 )
  -> 6 (0.110206)
  -> 7 (0.110206)
Node 9 ( 8 8 7 )
  -> 8 (0.0921876)
Node 10 ( 9 9 8 )
  -> 9 (0.0773748)
Node 11 ( 10 10 9 )
  -> 10 (0.0666989)
Node 12 ( 11 11 10 )
  -> 11 (0.0608296)
Node 13 ( 12 12 11 )
  -> 12 (0.0601388)
Node 14 ( 13 13 12 )
  -> 13 (0.0646654)
Node 15 ( 14 14 13 )
  -> 14 (0.0741299)
Node 16 ( 15 14 14 )
  -> 15 (0.0950666)
Node 17 ( 16 15 15 )
  -> 16 (0.110117)
Node 18 ( 17 15 16 )
  -> 17 (0.135452)
Node 19 ( 18 15 17 )
  -> 18 (0.16166)
Node 20 ( 19 15 18 )
  -> 19 (0.186462)
Node 21 ( 20 16 19 )
  -> 20 (0.192236)
Node 22 ( 21 17 20 )
  -> 21 (0.196059)
Node 23 ( 22 18 21 )
  -> 22 (0.197689)
Node 24 ( 23 19 22 )
  -> 23 (0.197029)
Node 25 ( 24 20 23 )
  -> 24 (0.194117)
Node 26 ( 25 21 24 )
  -> 25 (0.189134)
Node 27 ( 26 22 25 )
  -> 26 (0.182396)
Node 28 ( 27 23 26 )
  -> 27 (0.174327)
Node 29 ( 28 24 27 )
  -> 28 (0.165433)
Node 30 ( 29 25 28 )
  -> 29 (0.156271)
Node 31 ( 30 26 29 )
  -> 30 (0.147418)
Node 32 ( 31 27 30 )
  -> 31 (0.13943)
Node 33 ( 32 28 30 )
  -> 32 (0.130447)
Node 34 ( 33 29 30 )
  -> 33 (0.121377)
Node 35 ( 33 29 31 )
  -> 33 (0.122195)
Node 36 ( 34 30 31 )
  -> 35 (0.112584)
  -> 34 (0.112584)
Node 37 ( 35 31 31 )
  -> 36 (0.105482)
Node 38 ( 36 32 32 )
  -> 37 (0.100488)
Node 39 ( 36 33 32 )
  -> 38 (0.0873881)
Node 40 ( 36 33 33 )
  -> 38 (0.0881252)
Node 41 ( 37 34 33 )
  -> 39 (0.0841201)
Node 42 ( 37 34 34 )
  -> 40 (0.0863416)
Node 43 ( 37 35 34 )
  -> 41 (0.0720861)
Node 44 ( 37 35 35 )
  -> 42 (0.0769336)
Node 45 ( 38 36 35 )
  -> 43 (0.0739617)
Node 46 ( 38 36 36 )
  -> 44 (0.0798049)
Node 47 ( 38 37 36 )
  -> 45 (0.0670651)
Node 48 ( 38 37 37 )
  -> 46 (0.0750222)
Node 49 ( 39 38 37 )
  -> 47 (0.0750663)
Node 50 ( 39 38 38 )
  -> 48 (0.0831184)
Node 51 ( 40 39 38 )
  -> 49 (0.0874484)
Node 52 ( 40 39 39 )
  -> 50 (0.0950666)
Node 53 ( 41 40 39 )
  -> 51 (0.103432)
Node 54 ( 41 40 40 )
  -> 52 (0.110117)
Node 55 ( 42 40 40 )
  -> 53 (0.127813)
Node 56 ( 42 40 41 )
  -> 54 (0.135452)
Node 57 ( 43 40 41 )
  -> 55 (0.154087)
Node 58 ( 43 40 42 )
  -> 56 (0.16166)
Node 59 ( 44 41 42 )
  -> 57 (0.168246)
Node 60 ( 44 41 43 )
  -> 58 (0.172996)
Node 61 ( 45 41 43 )
  -> 59 (0.189127)
Node 62 ( 45 41 44 )
  -> 60 (0.192236)
Node 63 ( 46 42 44 )
  -> 61 (0.196326)
Node 64 ( 46 42 45 )
  -> 62 (0.196059)
Node 65 ( 47 43 45 )
  -> 63 (0.201087)
Node 66 ( 47 43 46 )
  -> 64 (0.197689)
Node 67 ( 48 44 46 )
  -> 65 (0.203119)
Node 68 ( 48 44 47 )
  -> 66 (0.197029)
Node 69 ( 49 45 47 )
  -> 67 (0.202293)
Node 70 ( 49 45 48 )
  -> 68 (0.194117)
Node 71 ( 50 46 48 )
  -> 69 (0.198655)
Node 72 ( 50 46 49 )
  -> 70 (0.189134)
Node 73 ( 51 47 49 )
  -> 71 (0.192438)
Node 74 ( 51 47 50 )
  -> 72 (0.182396)
Node 75 ( 52 48 50 )
  -> 73 (0.184034)
Node 76 ( 52 48 51 )
  -> 74 (0.174327)
Node 77 ( 53 49 51 )
  -> 75 (0.173968)
Node 78 ( 53 49 52 )
  -> 76 (0.165433)
Node 79 ( 54 50 52 )
  -> 77 (0.162873)
Node 80 ( 54 50 53 )
  -> 78 (0.156271)
Node 81 ( 55 51 53 )
  -> 79 (0.151447)
Node 82 ( 55 51 54 )
  -> 80 (0.147418)
Node 83 ( 56 52 54 )
  -> 81 (0.140406)
Node 84 ( 56 52 55 )
  -> 82 (0.13943)
Node 85 ( 57 53 55 )
  -> 83 (0.130447)
  -> 84 (0.130447)
Node 86 ( 58 54 55 )
  -> 85 (0.121377)
Node 87 ( 58 54 56 )
  -> 85 (0.122195)
Node 88 ( 59 55 56 )
  -> 87 (0.112584)
  -> 86 (0.112584)
Node 89 ( 60 56 56 )
  -> 88 (0.105482)
Node 90 ( 61 57 57 )
  -> 89 (0.100488)
Node 91 ( 61 58 57 )
  -> 90 (0.0873881)
Node 92 ( 61 58 58 )
  -> 90 (0.0881252)
Node 93 ( 62 59 58 )
  -> 91 (0.0841201)
Node 94 ( 62 59 59 )
  -> 92 (0.0863416)
Node 95 ( 62 60 59 )
  -> 93 (0.0720861)
Node 96 ( 62 60 60 )
  -> 94 (0.0769336)
Node 97 ( 63 61 60 )
  -> 95 (0.0739617)
Node 98 ( 63 61 61 )
  -> 96 (0.0798049)
Node 99 ( 63 62 61 )
  -> 97 (0.0670651)
Node 100 ( 63 62 62 )
  -> 98 (0.0750222)
Node 101 ( 64 63 62 )
  -> 99 (0.0750663)
Node 102 ( 64 63 63 )
  -> 100 (0.0831184)
Node 103 ( 65 64 63 )
  -> 101 (0.0874484)
Node 104 ( 65 64 64 )
  -> 102 (0.0950666)
Node 105 ( 66 65 64 )
  -> 103 (0.103432)
Node 106 ( 66 65 65 )
  -> 104 (0.110117)
Node 107 ( 67 65 65 )
  -> 105 (0.127813)
Node 108 ( 67 65 66 )
  -> 106 (0.135452)
Node 109 ( 68 65 66 )
  -> 107 (0.154087)
Node 110 ( 68 65 67 )
  -> 108 (0.16166)
Node 111 ( 69 66 67 )
  -> 109 (0.168246)
Node 112 ( 69 66 68 )
  -> 110 (0.172996)
Node 113 ( 70 66 68 )
  -> 111 (0.189127)
Node 114 ( 70 66 69 )
  -> 112 (0.192236)
Node 115 ( 71 67 69 )
  -> 113 (0.196326)
Node 116 ( 71 67 70 )
  -> 114 (0.196059)
Node 117 ( 72 68 70 )
  -> 115 (0.201087)
Node 118 ( 72 68 71 )
  -> 116 (0.197689)
Node 119 ( 73 69 71 )
  -> 117 (0.203119)
Node 120 ( 73 69 72 )
  -> 118 (0.197029)
Node 121 ( 74 70 72 )
  -> 119 (0.202293)
Node 122 ( 74 70 73 )
  -> 120 (0.194117)
Node 123 ( 75 71 73 )
  -> 121 (0.198655)
Node 124 ( 75 71 74 )
  -> 122 (0.189134)
Node 125 ( 76 72 74 )
  -> 123 (0.192438)
Node 126 ( 76 72 75 )
  -> 124 (0.182396)
Node 127 ( 77 73 75 )
  -> 125 (0.184034)
Node 128 ( 77 73 76 )
  -> 126 (0.174327)
Node 129 ( 78 74 76 )
  -> 127 (0.173968)
Node 130 ( 78 74 77 )
  -> 128 (0.165433)
Node 131 ( 79 75 77 )
  -> 129 (0.162873)
Node 132 ( 79 75 78 )
  -> 130 (0.156271)
Node 133 ( 80 76 78 )
  -> 131 (0.151447)
Node 134 ( 80 76 79 )
  -> 132 (0.147418)
Node 135 ( 81 77 79 )
  -> 133 (0.140406)
Node 136 ( 81 77 80 )
  -> 134 (0.13943)
Node 137 ( 82 78 80 )
  -> 135 (0.130447)
  -> 136 (0.130447)
Node 138 ( 83 79 80 )
  -> 137 (0.121377)
Node 139 ( 83 79 81 )
  -> 137 (0.122195)
Node 140 ( 84 80 81 )
  -> 139 (0.112584)
  -> 138 (0.112584)
Node 141 ( 85 81 81 )
  -> 140 (0.105482)
Node 142 ( 86 82 82 )
  -> 141 (0.100488)
Node 143 ( 86 83 83 )
  -> 142 (0.0881252)
Node 144 ( 87 84 84 )
  -> 143 (0.0863416)
Node 145 ( 87 85 85 )
  -> 144 (0.0769336)
Node 146 ( 88 86 86 )
  -> 145 (0.0798049)
Node 147 ( 88 87 87 )
  -> 146 (0.0750222)
Node 148 ( 89 88 88 )
  -> 147 (0.0831184)
Node 149 ( 89 89 89 )
  -> 148 (0.0833342)
Node 150 ( 90 90 90 )
  -> 149 (0.0961236)
Node 151 ( 91 91 91 )
  -> 150 (0.111899)
Node 152 ( 92 92 92 )
  -> 151 (0.129666)
Node 153 ( 93 93 93 )
  -> 152 (0.148313)
Node 154 ( 94 94 94 )
  -> 153 (0.166667)
Node 155 ( 95 95 95 )
  -> 154 (0.183572)
Node 156 ( 96 96 96 )
  -> 155 (0.197969)
Node 157 ( 97 97 97 )
  -> 156 (0.208949)
Node 158 ( 98 98 98 )
  -> 157 (0.215827)
Node 159 ( 99 99 99 )
  -> 158 (0.21817)
