WellIds: 0 1 2
Node 0 ( 0 0 0 )
Node 1 ( 1 1 1 )
  -> 0 (0.348249)
Node 2 ( 2 2 2 )
  -> 1 (0.329948)
Node 3 ( 3 3 3 )
  -> 2 (0.305953)
Node 4 ( 4 4 4 )
  -> 3 (0.277779)
Node 5 ( 5 5 5 )
  -> 4 (0.247189)
Node 6 ( 6 6 6 )
  -> 5 (0.21611)
Node 7 ( 7 7 7 )
  -> 6 (0.186499)
Node 8 ( 8 8 8 )
  -> 7 (0.160206)
Node 9 ( 9 9 9 )
  -> 8 (0.13889)
Node 10 ( 10 10 10 )
  -> 9 (0.123888)
Node 11 ( 11 11 11 )
  -> 10 (0.116143)
Node 12 ( 12 12 12 )
  -> 11 (0.116143)
Node 13 ( 13 13 13 )
  -> 12 (0.123888)
Node 14 ( 14 14 14 )
  -> 13 (0.13889)
Node 15 ( 14 14 15 )
  -> 14 (0.157627)
Node 16 ( 14 14 16 )
  -> 15 (0.17623)
Node 17 ( 14 14 17 )
  -> 16 (0.193345)
Node 18 ( 14 14 18 )
  -> 17 (0.2077)
Node 19 ( 14 14 19 )
  -> 18 (0.21817)
Node 20 ( 14 14 20 )
  -> 19 (0.223862)
Node 21 ( 14 14 21 )
  -> 20 (0.224178)
Node 22 ( 14 14 22 )
  -> 21 (0.218849)
Node 23 ( 14 14 23 )
  -> 22 (0.207958)
Node 24 ( 14 14 24 )
  -> 23 (0.191941)
Node 25 ( 14 14 25 )
  -> 24 (0.171559)
Node 26 ( 15 14 25 )
  -> 24 (0.179193)
Node 27 ( 15 14 26 )
  -> 25 (0.154614)
Node 28 ( 16 14 26 )
  -> 26 (0.166525)
Node 29 ( 16 14 27 )
  -> 27 (0.139203)
Node 30 ( 17 14 27 )
  -> 28 (0.154267)
Node 31 ( 17 14 28 )
  -> 29 (0.125828)
Node 32 ( 18 14 28 )
  -> 30 (0.142757)
Node 33 ( 18 14 29 )
  -> 31 (0.114918)
Node 34 ( 19 14 29 )
  -> 32 (0.132333)
Node 35 ( 19 14 30 )
  -> 33 (0.106777)
Node 36 ( 20 14 30 )
  -> 34 (0.123308)
Node 37 ( 20 14 31 )
  -> 35 (0.101595)
Node 38 ( 21 14 31 )
  -> 36 (0.115969)
Node 39 ( 21 14 32 )
  -> 37 (0.0994237)
Node 40 ( 22 14 32 )
  -> 38 (0.110547)
  -> 39 (0.110547)
Node 41 ( 23 14 32 )
  -> 40 (0.117618)
Node 42 ( 24 14 32 )
  -> 41 (0.120044)
Node 43 ( 25 14 32 )
  -> 42 (0.117618)
Node 44 ( 26 14 32 )
  -> 43 (0.110547)
Node 45 ( 27 14 32 )
  -> 44 (0.0994237)
Node 46 ( 28 14 32 )
  -> 45 (0.0851916)
Node 47 ( 29 14 32 )
  -> 46 (0.0690869)
Node 48 ( 30 14 32 )
  -> 47 (0.0525493)
Node 49 ( 31 14 32 )
  -> 48 (0.037127)
Node 50 ( 32 14 32 )
  -> 49 (0.0243736)
Node 51 ( 33 14 32 )
  -> 50 (0.0157339)
Node 52 ( 34 15 32 )
  -> 51 (0.00934082)
Node 53 ( 34 16 32 )
  -> 52 (0.0124524)
Node 54 ( 34 17 32 )
  -> 53 (0.0213473)
Node 55 ( 34 18 32 )
  -> 54 (0.0352628)
Node 56 ( 34 19 32 )
  -> 55 (0.0531623)
Node 57 ( 35 20 32 )
  -> 56 (0.0745643)
Node 58 ( 35 21 32 )
  -> 57 (0.0958152)
Node 59 ( 35 22 32 )
  -> 58 (0.116949)
Node 60 ( 35 23 32 )
  -> 59 (0.136628)
Node 61 ( 36 24 32 )
  -> 60 (0.157649)
Node 62 ( 36 25 32 )
  -> 61 (0.169967)
Node 63 ( 36 26 32 )
  -> 62 (0.177883)
Node 64 ( 37 27 32 )
  -> 63 (0.188816)
Node 65 ( 37 28 32 )
  -> 64 (0.186022)
Node 66 ( 37 29 32 )
  -> 65 (0.178705)
Node 67 ( 38 30 32 )
  -> 66 (0.179057)
Node 68 ( 38 31 32 )
  -> 67 (0.163902)
Node 69 ( 38 32 33 )
  -> 68 (0.158375)
Node 70 ( 38 33 34 )
  -> 69 (0.153448)
Node 71 ( 39 34 35 )
  -> 70 (0.164325)
Node 72 ( 39 35 36 )
  -> 71 (0.160557)
Node 73 ( 39 36 37 )
  -> 72 (0.15797)
Node 74 ( 39 37 38 )
  -> 73 (0.156641)
Node 75 ( 39 38 39 )
  -> 74 (0.156554)
Node 76 ( 39 39 40 )
  -> 75 (0.157627)
Node 77 ( 39 39 41 )
  -> 76 (0.17623)
Node 78 ( 39 39 42 )
  -> 77 (0.193345)
Node 79 ( 39 39 43 )
  -> 78 (0.2077)
Node 80 ( 39 39 44 )
  -> 79 (0.21817)
Node 81 ( 39 39 45 )
  -> 80 (0.223862)
Node 82 ( 39 39 46 )
  -> 81 (0.224178)
Node 83 ( 39 39 47 )
  -> 82 (0.218849)
Node 84 ( 39 39 48 )
  -> 83 (0.207958)
Node 85 ( 39 39 49 )
  -> 84 (0.191941)
Node 86 ( 39 39 50 )
  -> 85 (0.171559)
Node 87 ( 39 39 51 )
  -> 86 (0.147863)
Node 88 ( 40 39 50 )
  -> 85 (0.179193)
Node 89 ( 40 39 51 )
  -> 86 (0.154614)
Node 90 ( 40 39 52 )
  -> 87 (0.128061)
Node 91 ( 41 39 51 )
  -> 88 (0.166525)
Node 92 ( 41 39 52 )
  -> 89 (0.139203)
Node 93 ( 41 39 53 )
  -> 90 (0.111403)
Node 94 ( 42 39 52 )
  -> 91 (0.154267)
Node 95 ( 42 39 53 )
  -> 92 (0.125828)
Node 96 ( 42 39 54 )
  -> 93 (0.0984923)
Node 97 ( 43 39 53 )
  -> 94 (0.142757)
Node 98 ( 43 39 54 )
  -> 95 (0.114918)
Node 99 ( 43 39 55 )
  -> 96 (0.0897325)
Node 100 ( 44 39 54 )
  -> 97 (0.132333)
Node 101 ( 44 39 55 )
  -> 98 (0.106777)
Node 102 ( 44 39 56 )
  -> 99 (0.0853105)
Node 103 ( 45 39 55 )
  -> 100 (0.123308)
Node 104 ( 45 39 56 )
  -> 101 (0.101595)
Node 105 ( 45 39 57 )
  -> 102 (0.0851916)
Node 106 ( 46 39 56 )
  -> 103 (0.115969)
Node 107 ( 46 39 57 )
  -> 105 (0.0994237)
  -> 104 (0.0994237)
Node 108 ( 47 39 57 )
  -> 106 (0.110547)
  -> 107 (0.110547)
Node 109 ( 48 39 57 )
  -> 108 (0.117618)
Node 110 ( 49 39 57 )
  -> 109 (0.120044)
Node 111 ( 50 39 57 )
  -> 110 (0.117618)
Node 112 ( 51 39 57 )
  -> 111 (0.110547)
Node 113 ( 52 39 57 )
  -> 112 (0.0994237)
Node 114 ( 53 39 57 )
  -> 113 (0.0851916)
Node 115 ( 54 39 57 )
  -> 114 (0.0690869)
Node 116 ( 55 39 57 )
  -> 115 (0.0525493)
Node 117 ( 56 39 57 )
  -> 116 (0.037127)
Node 118 ( 57 39 57 )
  -> 117 (0.0243736)
Node 119 ( 58 39 57 )
  -> 118 (0.0157339)
Node 120 ( 59 40 57 )
  -> 119 (0.00934082)
Node 121 ( 59 41 57 )
  -> 120 (0.0124524)
Node 122 ( 59 42 57 )
  -> 121 (0.0213473)
Node 123 ( 59 43 57 )
  -> 122 (0.0352628)
Node 124 ( 59 44 57 )
  -> 123 (0.0531623)
Node 125 ( 60 45 57 )
  -> 124 (0.0745643)
Node 126 ( 60 46 57 )
  -> 125 (0.0958152)
Node 127 ( 60 47 57 )
  -> 126 (0.116949)
Node 128 ( 60 48 57 )
  -> 127 (0.136628)
Node 129 ( 61 49 57 )
  -> 128 (0.157649)
Node 130 ( 61 50 57 )
  -> 129 (0.169967)
Node 131 ( 61 51 57 )
  -> 130 (0.177883)
Node 132 ( 62 52 57 )
  -> 131 (0.188816)
Node 133 ( 62 53 57 )
  -> 132 (0.186022)
Node 134 ( 62 54 57 )
  -> 133 (0.178705)
Node 135 ( 63 55 57 )
  -> 134 (0.179057)
Node 136 ( 63 56 57 )
  -> 135 (0.163902)
Node 137 ( 63 57 58 )
  -> 136 (0.158375)
Node 138 ( 63 58 59 )
  -> 137 (0.153448)
Node 139 ( 64 59 60 )
  -> 138 (0.164325)
Node 140 ( 64 60 61 )
  -> 139 (0.160557)
Node 141 ( 64 61 62 )
  -> 140 (0.15797)
Node 142 ( 64 62 63 )
  -> 141 (0.156641)
Node 143 ( 64 63 64 )
  -> 142 (0.156554)
Node 144 ( 64 64 65 )
  -> 143 (0.157627)
Node 145 ( 64 64 66 )
  -> 144 (0.17623)
Node 146 ( 64 64 67 )
  -> 145 (0.193345)
Node 147 ( 64 64 68 )
  -> 146 (0.2077)
Node 148 ( 64 64 69 )
  -> 147 (0.21817)
Node 149 ( 64 64 70 )
  -> 148 (0.223862)
Node 150 ( 64 64 71 )
  -> 149 (0.224178)
Node 151 ( 64 64 72 )
  -> 150 (0.218849)
Node 152 ( 64 64 73 )
  -> 151 (0.207958)
Node 153 ( 64 64 74 )
  -> 152 (0.191941)
Node 154 ( 64 64 75 )
  -> 153 (0.171559)
Node 155 ( 64 64 76 )
  -> 154 (0.147863)
Node 156 ( 65 64 75 )
  -> 153 (0.179193)
Node 157 ( 65 64 76 )
  -> 154 (0.154614)
Node 158 ( 65 64 77 )
  -> 155 (0.128061)
Node 159 ( 66 64 76 )
  -> 156 (0.166525)
Node 160 ( 66 64 77 )
  -> 157 (0.139203)
Node 161 ( 66 64 78 )
  -> 158 (0.111403)
Node 162 ( 67 64 77 )
  -> 159 (0.154267)
Node 163 ( 67 64 78 )
  -> 160 (0.125828)
Node 164 ( 67 64 79 )
  -> 161 (0.0984923)
Node 165 ( 68 64 78 )
  -> 162 (0.142757)
Node 166 ( 68 64 79 )
  -> 163 (0.114918)
Node 167 ( 68 64 80 )
  -> 164 (0.0897325)
Node 168 ( 69 64 79 )
  -> 165 (0.132333)
Node 169 ( 69 64 80 )
  -> 166 (0.106777)
Node 170 ( 69 64 81 )
  -> 167 (0.0853105)
Node 171 ( 70 64 80 )
  -> 168 (0.123308)
Node 172 ( 70 64 81 )
  -> 169 (0.101595)
Node 173 ( 70 64 82 )
  -> 170 (0.0851916)
Node 174 ( 71 64 81 )
  -> 171 (0.115969)
Node 175 ( 71 64 82 )
  -> 173 (0.0994237)
  -> 172 (0.0994237)
Node 176 ( 72 64 82 )
  -> 174 (0.110547)
  -> 175 (0.110547)
Node 177 ( 73 64 82 )
  -> 176 (0.117618)
Node 178 ( 74 64 82 )
  -> 177 (0.120044)
Node 179 ( 75 64 82 )
  -> 178 (0.117618)
Node 180 ( 76 64 82 )
  -> 179 (0.110547)
Node 181 ( 77 64 82 )
  -> 180 (0.0994237)
Node 182 ( 78 64 82 )
  -> 181 (0.0851916)
Node 183 ( 79 64 82 )
  -> 182 (0.0690869)
Node 184 ( 80 64 82 )
  -> 183 (0.0525493)
Node 185 ( 81 64 82 )
  -> 184 (0.037127)
Node 186 ( 82 64 82 )
  -> 185 (0.0243736)
Node 187 ( 83 64 82 )
  -> 186 (0.0157339)
Node 188 ( 84 64 82 )
  -> 187 (0.0124524)
Node 189 ( 84 65 82 )
  -> 188 (0.00934082)
Node 190 ( 84 66 82 )
  -> 189 (0.0124524)
Node 191 ( 84 67 82 )
  -> 190 (0.0213473)
Node 192 ( 84 68 82 )
  -> 191 (0.0352628)
Node 193 ( 84 69 82 )
  -> 192 (0.0531623)
Node 194 ( 85 70 82 )
  -> 193 (0.0745643)
Node 195 ( 85 71 82 )
  -> 194 (0.0958152)
Node 196 ( 85 72 82 )
  -> 195 (0.116949)
Node 197 ( 85 73 82 )
  -> 196 (0.136628)
Node 198 ( 86 74 82 )
  -> 197 (0.157649)
Node 199 ( 86 75 82 )
  -> 198 (0.169967)
Node 200 ( 86 76 82 )
  -> 199 (0.177883)
Node 201 ( 87 77 82 )
  -> 200 (0.188816)
Node 202 ( 87 78 82 )
  -> 201 (0.186022)
Node 203 ( 87 79 82 )
  -> 202 (0.178705)
Node 204 ( 88 80 82 )
  -> 203 (0.179057)
Node 205 ( 88 81 82 )
  -> 204 (0.163902)
Node 206 ( 88 82 82 )
  -> 205 (0.146945)
Node 207 ( 88 83 83 )
  -> 206 (0.138802)
Node 208 ( 89 84 84 )
  -> 207 (0.146996)
Node 209 ( 89 85 85 )
  -> 208 (0.141253)
Node 210 ( 89 86 86 )
  -> 209 (0.137479)
Node 211 ( 89 87 87 )
  -> 210 (0.135831)
Node 212 ( 89 88 88 )
  -> 211 (0.136339)
Node 213 ( 89 89 89 )
  -> 212 (0.13889)
Node 214 ( 90 90 90 )
  -> 213 (0.160206)
Node 215 ( 91 91 91 )
  -> 214 (0.186499)
Node 216 ( 92 92 92 )
  -> 215 (0.21611)
Node 217 ( 93 93 93 )
  -> 216 (0.247189)
Node 218 ( 94 94 94 )
  -> 217 (0.277779)
Node 219 ( 95 95 95 )
  -> 218 (0.305953)
Node 220 ( 96 96 96 )
  -> 219 (0.329948)
Node 221 ( 97 97 97 )
  -> 220 (0.348249)
Node 222 ( 98 98 98 )
  -> 221 (0.359712)
Node 223 ( 99 99 99 )
  -> 222 (0.363617)
