WellIds: 0 1 2
Node 0 ( 0 0 0 )
Node 1 ( 1 1 1 )
  -> 0 (0.487549)
Node 2 ( 2 2 2 )
  -> 1 (0.461927)
Node 3 ( 3 3 3 )
  -> 2 (0.428335)
Node 4 ( 4 4 4 )
  -> 3 (0.38889)
Node 5 ( 5 5 5 )
  -> 4 (0.346065)
Node 6 ( 6 6 5 )
  -> 5 (0.301544)
Node 7 ( 7 7 5 )
  -> 6 (0.253103)
Node 8 ( 8 8 5 )
  -> 7 (0.204153)
Node 9 ( 9 9 5 )
  -> 8 (0.158202)
Node 10 ( 10 10 5 )
  -> 9 (0.118602)
Node 11 ( 11 11 5 )
  -> 10 (0.0883409)
Node 12 ( 12 12 5 )
  -> 11 (0.0698472)
Node 13 ( 13 13 5 )
  -> 12 (0.0648208)
Node 14 ( 14 13 5 )
  -> 13 (0.0710289)
Node 15 ( 15 13 5 )
  -> 14 (0.0831736)
Node 16 ( 16 13 5 )
  -> 15 (0.100167)
Node 17 ( 17 13 5 )
  -> 16 (0.120632)
Node 18 ( 18 13 5 )
  -> 17 (0.143004)
Node 19 ( 19 13 5 )
  -> 18 (0.165618)
Node 20 ( 20 13 5 )
  -> 19 (0.186831)
Node 21 ( 21 13 5 )
  -> 20 (0.205122)
Node 22 ( 22 13 5 )
  -> 21 (0.21919)
Node 23 ( 23 13 5 )
  -> 22 (0.228048)
Node 24 ( 24 13 5 )
  -> 23 (0.231073)
Node 25 ( 25 13 5 )
  -> 24 (0.228048)
Node 26 ( 26 13 5 )
  -> 25 (0.21919)
Node 27 ( 27 13 5 )
  -> 26 (0.205122)
Node 28 ( 28 13 5 )
  -> 27 (0.186831)
Node 29 ( 29 13 5 )
  -> 28 (0.165618)
Node 30 ( 30 13 5 )
  -> 29 (0.143004)
Node 31 ( 31 13 5 )
  -> 30 (0.120632)
Node 32 ( 32 13 5 )
  -> 31 (0.100167)
Node 33 ( 33 14 6 )
  -> 32 (0.0840166)
Node 34 ( 34 15 7 )
  -> 33 (0.0718407)
Node 35 ( 35 16 8 )
  -> 34 (0.0644011)
Node 36 ( 35 17 8 )
  -> 35 (0.0739617)
Node 37 ( 35 17 9 )
  -> 35 (0.073572)
Node 38 ( 36 18 9 )
  -> 36 (0.0720861)
  -> 37 (0.0720861)
Node 39 ( 36 18 10 )
  -> 37 (0.0727231)
Node 40 ( 36 19 10 )
  -> 39 (0.0841201)
  -> 38 (0.0841201)
Node 41 ( 37 20 10 )
  -> 40 (0.0881252)
Node 42 ( 37 20 11 )
  -> 40 (0.0873881)
Node 43 ( 37 21 11 )
  -> 41 (0.100488)
  -> 42 (0.100488)
Node 44 ( 38 22 12 )
  -> 43 (0.105482)
Node 45 ( 39 23 12 )
  -> 44 (0.112584)
Node 46 ( 40 24 12 )
  -> 45 (0.122195)
Node 47 ( 40 24 13 )
  -> 45 (0.121377)
Node 48 ( 41 25 13 )
  -> 46 (0.130447)
  -> 47 (0.130447)
Node 49 ( 42 26 13 )
  -> 48 (0.13943)
Node 50 ( 42 26 14 )
  -> 48 (0.140406)
Node 51 ( 43 27 14 )
  -> 50 (0.147418)
  -> 49 (0.147418)
Node 52 ( 43 27 15 )
  -> 50 (0.151447)
Node 53 ( 44 28 15 )
  -> 51 (0.156271)
Node 54 ( 44 28 16 )
  -> 52 (0.162873)
Node 55 ( 45 29 16 )
  -> 53 (0.165433)
Node 56 ( 45 29 17 )
  -> 54 (0.173968)
Node 57 ( 46 30 17 )
  -> 55 (0.174327)
Node 58 ( 46 30 18 )
  -> 56 (0.184034)
Node 59 ( 47 31 18 )
  -> 57 (0.182396)
Node 60 ( 47 31 19 )
  -> 58 (0.192438)
Node 61 ( 48 32 19 )
  -> 59 (0.189134)
Node 62 ( 48 32 20 )
  -> 60 (0.198655)
Node 63 ( 49 33 20 )
  -> 61 (0.194117)
Node 64 ( 49 33 21 )
  -> 62 (0.202293)
Node 65 ( 50 34 21 )
  -> 63 (0.197029)
Node 66 ( 50 34 22 )
  -> 64 (0.203119)
Node 67 ( 51 35 22 )
  -> 65 (0.197689)
Node 68 ( 51 35 23 )
  -> 66 (0.201087)
Node 69 ( 52 36 23 )
  -> 67 (0.196059)
Node 70 ( 52 36 24 )
  -> 68 (0.196326)
Node 71 ( 53 37 24 )
  -> 69 (0.192236)
Node 72 ( 53 37 25 )
  -> 70 (0.189127)
Node 73 ( 54 37 25 )
  -> 71 (0.172996)
Node 74 ( 54 37 26 )
  -> 72 (0.168246)
Node 75 ( 55 38 26 )
  -> 73 (0.16166)
Node 76 ( 55 38 27 )
  -> 74 (0.154087)
Node 77 ( 56 38 27 )
  -> 75 (0.135452)
Node 78 ( 56 38 28 )
  -> 76 (0.127813)
Node 79 ( 57 38 28 )
  -> 77 (0.110117)
Node 80 ( 57 38 29 )
  -> 78 (0.103432)
Node 81 ( 58 39 29 )
  -> 79 (0.0950666)
Node 82 ( 58 39 30 )
  -> 80 (0.0874484)
Node 83 ( 59 40 30 )
  -> 81 (0.0831184)
Node 84 ( 59 40 31 )
  -> 82 (0.0750663)
Node 85 ( 60 41 31 )
  -> 83 (0.0750222)
Node 86 ( 60 41 32 )
  -> 84 (0.0670651)
Node 87 ( 60 42 32 )
  -> 85 (0.0798049)
Node 88 ( 60 42 33 )
  -> 86 (0.0739617)
Node 89 ( 61 43 33 )
  -> 87 (0.0769336)
Node 90 ( 61 43 34 )
  -> 88 (0.0720861)
Node 91 ( 61 44 34 )
  -> 89 (0.0863416)
Node 92 ( 61 44 35 )
  -> 90 (0.0841201)
Node 93 ( 62 45 35 )
  -> 91 (0.0881252)
Node 94 ( 62 45 36 )
  -> 92 (0.0873881)
Node 95 ( 62 46 36 )
  -> 94 (0.100488)
  -> 93 (0.100488)
Node 96 ( 63 47 37 )
  -> 95 (0.105482)
Node 97 ( 64 48 37 )
  -> 96 (0.112584)
Node 98 ( 65 49 38 )
  -> 97 (0.121377)
Node 99 ( 66 50 39 )
  -> 98 (0.13234)
Node 100 ( 67 51 40 )
  -> 99 (0.144784)
Node 101 ( 68 52 41 )
  -> 100 (0.157931)
Node 102 ( 69 53 42 )
  -> 101 (0.17095)
Node 103 ( 70 54 43 )
  -> 102 (0.183027)
Node 104 ( 71 55 44 )
  -> 103 (0.1934)
Node 105 ( 72 56 45 )
  -> 104 (0.201417)
Node 106 ( 73 57 46 )
  -> 105 (0.206578)
Node 107 ( 74 58 47 )
  -> 106 (0.208555)
Node 108 ( 75 59 48 )
  -> 107 (0.207225)
Node 109 ( 76 60 49 )
  -> 108 (0.202674)
Node 110 ( 77 61 50 )
  -> 109 (0.195186)
Node 111 ( 78 62 51 )
  -> 110 (0.18523)
Node 112 ( 79 62 52 )
  -> 111 (0.163792)
Node 113 ( 80 63 53 )
  -> 112 (0.147689)
Node 114 ( 81 63 54 )
  -> 113 (0.122517)
Node 115 ( 82 63 55 )
  -> 114 (0.100167)
Node 116 ( 83 64 56 )
  -> 115 (0.0840166)
Node 117 ( 84 65 57 )
  -> 116 (0.0718407)
Node 118 ( 85 66 58 )
  -> 117 (0.0644011)
Node 119 ( 85 67 59 )
  -> 118 (0.073572)
Node 120 ( 86 68 60 )
  -> 119 (0.0727231)
Node 121 ( 86 69 61 )
  -> 120 (0.0870474)
Node 122 ( 87 70 62 )
  -> 121 (0.0913972)
Node 123 ( 87 71 63 )
  -> 122 (0.108121)
Node 124 ( 88 72 64 )
  -> 123 (0.115355)
Node 125 ( 88 73 65 )
  -> 124 (0.131014)
Node 126 ( 89 74 66 )
  -> 125 (0.138642)
Node 127 ( 89 75 67 )
  -> 126 (0.15001)
Node 128 ( 89 76 68 )
  -> 127 (0.158802)
Node 129 ( 90 77 69 )
  -> 128 (0.1612)
Node 130 ( 90 78 70 )
  -> 129 (0.162921)
Node 131 ( 90 79 71 )
  -> 130 (0.1612)
Node 132 ( 90 80 72 )
  -> 131 (0.156175)
Node 133 ( 90 81 73 )
  -> 132 (0.148252)
Node 134 ( 90 82 74 )
  -> 133 (0.138081)
Node 135 ( 90 83 75 )
  -> 134 (0.126502)
Node 136 ( 90 84 76 )
  -> 135 (0.114504)
Node 137 ( 90 85 77 )
  -> 136 (0.103149)
Node 138 ( 90 86 78 )
  -> 137 (0.0934994)
Node 139 ( 90 87 79 )
  -> 138 (0.0865549)
Node 140 ( 90 88 80 )
  -> 139 (0.0831736)
Node 141 ( 90 88 81 )
  -> 140 (0.0827471)
Node 142 ( 90 89 82 )
  -> 141 (0.0854481)
Node 143 ( 90 89 83 )
  -> 142 (0.0920915)
Node 144 ( 90 90 83 )
  -> 142 (0.0929293)
Node 145 ( 90 90 84 )
  -> 144 (0.101576)
  -> 143 (0.101576)
Node 146 ( 90 90 85 )
  -> 145 (0.115127)
Node 147 ( 90 90 86 )
  -> 146 (0.132935)
Node 148 ( 90 90 87 )
  -> 147 (0.154036)
Node 149 ( 90 90 88 )
  -> 148 (0.177232)
Node 150 ( 90 90 89 )
  -> 149 (0.201138)
Node 151 ( 90 90 90 )
  -> 150 (0.224289)
Node 152 ( 91 91 91 )
  -> 151 (0.261098)
Node 153 ( 92 92 92 )
  -> 152 (0.302554)
Node 154 ( 93 93 93 )
  -> 153 (0.346065)
Node 155 ( 94 94 94 )
  -> 154 (0.38889)
Node 156 ( 95 95 95 )
  -> 155 (0.428335)
Node 157 ( 96 96 96 )
  -> 156 (0.461927)
Node 158 ( 97 97 97 )
  -> 157 (0.487549)
Node 159 ( 98 98 98 )
  -> 158 (0.503597)
Node 160 ( 99 99 99 )
  -> 159 (0.509064)
