WeCo WellList 2
5
CB_001
50
415.803690 473.903520 0.000000 10.000000
8
DEPTH 50
0.000000
1.400000
3.000000
4.400000
6.000000
7.400000
9.000000
10.400000
12.000000
13.400000
15.000000
16.400000
18.000000
19.400000
21.000000
22.400000
24.000000
25.400000
27.000000
28.400000
30.000000
31.400000
33.000000
34.400000
36.000000
37.400000
39.000000
40.400000
42.000000
43.400000
45.000000
46.400000
48.000000
49.400000
51.000000
52.400000
54.000000
55.400000
57.000000
58.400000
60.000000
61.400000
63.000000
64.400000
66.000000
67.400000
69.000000
70.400000
72.000000
73.400000
GR 50
51.081590
77.528250
137.312550
118.888620
22.202180
42.620720
56.649620
81.521680
88.416730
112.968560
17.248840
80.748780
38.999460
35.431230
35.061540
23.469690
38.773740
95.022740
102.853570
104.004900
97.259730
24.195200
49.782840
37.299250
33.595660
35.635480
85.985910
89.860130
106.514590
32.789610
48.681580
67.140530
83.674460
97.665110
58.649560
7.738790
35.659540
36.790920
96.259650
103.648610
102.584430
102.664090
87.488380
68.124450
53.569350
35.705930
58.709430
111.432530
90.456650
89.275580
RT 50
32.413700
33.247110
11.273730
6.554690
601.070560
25.310140
31.652040
61.126000
21.196790
9.098360
531.120710
21.867310
131.414540
107.237630
73.228880
57.109980
94.237050
7.740240
19.772610
17.381950
11.315070
255.366620
21.572130
48.537970
109.799000
49.289490
22.992170
69.097030
54.207990
622.403410
21.480400
34.342340
16.373150
11.313660
125.451250
67.206160
117.887610
61.233460
15.109570
13.571700
13.211790
9.390550
11.705120
29.147430
114.689930
93.473570
58.424490
20.423940
16.601830
19.795410
DEN 50
2.617080
2.589700
2.552910
2.633100
1.185010
2.410180
2.521090
2.468690
2.556830
2.605740
1.281570
2.341910
2.179250
2.315200
2.332840
2.315780
2.406990
2.558680
2.507380
2.523880
2.489910
1.185510
2.495220
2.348160
2.358970
2.412410
2.565380
2.529410
2.531110
1.288440
2.489290
2.485160
2.612780
2.637310
3.398550
2.381600
2.383180
2.238350
2.503410
2.606560
2.616580
2.594090
2.601220
2.320050
2.473730
2.398280
2.388740
2.626150
2.545980
2.484630
CAL 50
6.713730
6.545550
6.970520
6.277700
9.107630
6.661070
6.455740
6.110260
6.880430
6.281240
9.480530
5.891110
6.674360
6.113680
6.274740
5.624800
6.119170
7.483000
6.223750
5.949520
6.672200
10.051720
6.937810
6.072300
6.497070
5.865420
6.664630
6.303210
6.056800
10.938900
6.622520
5.907450
6.021780
6.680110
6.030870
6.258580
5.973880
6.010130
6.791700
6.807290
6.536360
6.592460
6.064800
6.522790
6.145540
6.781920
5.907620
6.536390
6.761770
6.080140
SON 50
86.048950
84.051120
87.030290
87.575580
115.420850
71.300820
82.353680
76.774240
90.472640
75.386850
111.134640
77.311230
63.532320
52.794470
55.517090
63.189820
63.112920
85.034330
73.972970
93.120290
89.164320
124.980390
73.850940
58.499400
55.197600
55.511130
74.094690
81.585570
82.117420
128.762580
63.919350
91.589890
66.236200
96.921350
62.594070
58.466290
48.812310
66.578980
83.440060
86.794030
82.736990
74.740380
85.424120
90.938090
63.099190
59.894180
69.419420
76.071000
79.657530
81.676350
NEU 50
40.467070
32.244100
40.149510
35.316690
61.554080
30.661180
32.729750
27.994580
35.705710
34.822540
51.992540
29.626380
22.398910
21.704780
26.865940
28.934170
16.730650
38.414670
40.842580
33.267550
34.381670
69.580670
35.953360
20.907140
17.328400
20.994120
33.143510
32.547170
20.081300
60.037570
32.978240
37.306410
45.178570
39.604230
2.554670
19.105190
26.961020
26.888670
32.400400
44.787230
36.242650
46.236860
39.478910
37.468180
8.999800
18.492010
18.801170
42.082790
42.783810
43.635410
LITH 50
5.000000
5.000000
6.000000
6.000000
1.000000
3.000000
5.000000
5.000000
7.000000
7.000000
1.000000
3.000000
4.000000
4.000000
4.000000
4.000000
4.000000
7.000000
7.000000
7.000000
7.000000
1.000000
3.000000
4.000000
4.000000
4.000000
5.000000
5.000000
5.000000
1.000000
3.000000
5.000000
7.000000
7.000000
10.000000
4.000000
4.000000
4.000000
7.000000
7.000000
7.000000
7.000000
7.000000
3.000000
4.000000
4.000000
4.000000
7.000000
7.000000
7.000000
2
LITH 33
5 0 1
6 1 2
1 3 1
2 4 1
1 4 1
3 4 1
5 5 2
7 7 1
1 9 1
3 10 1
4 11 5
7 16 3
6 20 1
1 20 1
3 21 1
4 22 2
5 25 3
7 28 1
1 28 1
3 29 1
4 30 1
5 30 1
7 31 2
10 34 1
7 34 1
3 34 1
4 34 3
7 38 4
10 42 1
7 42 1
3 42 1
4 43 3
7 46 3
SEAM 10
0 0 3
1 3 1
2 4 1
0 4 4
3 9 1
0 10 10
4 20 1
0 21 6
5 28 1
0 29 20
CB_003
50
561.614540 2033.319270 0.000000 10.000000
8
DEPTH 50
0.000000
1.800000
3.600000
5.600000
7.400000
9.200000
11.200000
13.000000
15.000000
16.800000
18.600000
20.600000
22.400000
24.200000
26.200000
28.000000
30.000000
31.800000
33.600000
35.600000
37.400000
39.200000
41.200000
43.000000
45.000000
46.800000
48.600000
50.600000
52.400000
54.400000
56.200000
58.000000
60.000000
61.800000
63.600000
65.600000
67.400000
69.400000
71.200000
73.000000
75.000000
76.800000
78.600000
80.600000
82.400000
84.400000
86.200000
88.000000
90.000000
91.800000
GR 50
61.300360
57.921900
125.599990
115.602160
133.258250
18.708210
23.468220
31.896810
37.128410
105.640100
108.049870
77.356610
85.527720
110.173720
101.120450
14.020810
29.169220
70.255070
67.922190
68.003440
98.382000
121.096500
118.937240
126.590310
63.505930
63.106430
60.334910
96.415880
19.799060
73.629090
110.064720
97.784230
95.800120
95.224720
88.005780
23.940030
34.026990
33.619760
87.471310
92.515880
75.374180
81.127690
107.370660
40.637320
54.406740
24.994790
69.425920
76.698100
57.666080
64.015850
RT 50
45.849880
42.227300
7.178840
7.308070
8.841960
760.361600
515.376480
52.644160
59.834220
22.358630
14.342250
18.604270
14.654200
16.220610
9.931940
43.356160
83.801390
53.337940
24.262590
34.605330
11.175820
10.609700
6.607510
12.282350
37.516740
69.596900
45.369580
9.893760
476.746060
18.059870
13.145660
12.451130
23.860020
12.475520
16.458490
393.436730
106.951740
90.373010
40.620270
38.120590
60.794710
27.909990
5.064820
90.747340
56.904100
74.381010
63.955650
59.923950
46.502830
40.943310
DEN 50
2.512790
2.554060
2.566380
2.590820
2.503920
1.208200
1.257050
2.420570
2.271560
2.492800
2.547440
2.637650
2.500990
2.575770
2.583100
2.391600
2.370200
2.543370
2.557980
2.668040
2.633270
2.555380
2.834720
2.648580
2.352450
2.615180
2.609040
2.640410
1.336450
2.484300
2.540030
2.549840
2.576440
2.527480
2.523650
1.297370
2.336040
2.378000
2.515670
2.530230
2.593650
2.522970
2.455320
2.369910
2.220440
2.370450
2.412080
2.569080
2.503980
2.532590
CAL 50
6.176170
6.471550
5.951170
6.648770
6.073590
11.743880
11.374820
6.472220
5.724020
6.408660
6.523340
6.454920
6.049360
6.572750
6.547270
6.167740
6.497020
6.337180
6.706160
6.636210
5.960090
6.436260
6.254050
6.556810
6.832720
5.941000
6.256710
6.307440
10.322520
6.669150
6.869340
5.919060
6.373120
6.516000
6.526810
9.703320
6.257670
6.407940
6.333130
6.446440
6.176010
6.607090
6.168570
5.500000
6.233810
6.438770
6.456370
6.552470
6.283460
5.903960
SON 50
76.168880
79.477220
95.905170
91.703280
98.712320
124.444740
112.997820
59.260270
64.643740
83.154440
75.595520
80.356770
95.760950
86.637270
78.944760
59.210780
63.794750
88.335680
89.268390
80.991550
96.166060
75.422500
90.236800
95.562980
78.220970
82.558570
69.153720
74.767430
153.925720
88.756620
85.793140
90.318250
99.509290
85.703340
90.977400
123.425940
60.861970
53.568690
74.159730
83.533090
84.222750
82.905510
87.639980
74.127050
44.624720
63.737640
76.385570
75.383340
78.277780
77.365270
NEU 50
32.417850
26.374390
43.760460
31.594670
47.247660
49.876050
62.337270
29.787290
18.639480
45.487150
42.172540
42.310140
43.287890
38.128330
45.383960
20.550820
18.253290
26.238880
29.203520
33.359000
36.026240
44.905110
38.134510
41.475080
27.769070
27.362880
34.635900
41.289120
51.109290
39.938110
30.247300
43.471280
34.724970
36.811100
36.287020
64.989220
29.133240
20.494680
32.479090
36.734480
29.997320
30.291760
41.026900
22.849380
23.717280
23.679270
32.915550
38.256800
35.181650
28.762530
LITH 50
5.000000
5.000000
6.000000
6.000000
6.000000
1.000000
1.000000
4.000000
4.000000
7.000000
7.000000
7.000000
7.000000
7.000000
7.000000
4.000000
4.000000
5.000000
5.000000
5.000000
6.000000
6.000000
6.000000
6.000000
3.000000
5.000000
5.000000
7.000000
1.000000
7.000000
7.000000
7.000000
7.000000
7.000000
7.000000
1.000000
4.000000
4.000000
5.000000
5.000000
5.000000
5.000000
6.000000
4.000000
4.000000
4.000000
5.000000
5.000000
5.000000
5.000000
2
LITH 36
5 0 1
6 1 2
1 4 1
7 5 1
1 5 1
3 6 1
4 6 1
7 8 5
1 13 1
2 13 1
1 13 1
7 13 1
1 14 1
3 14 1
4 14 1
5 16 3
6 19 3
1 23 1
3 23 1
5 24 2
7 26 1
10 27 1
1 27 1
3 28 1
7 28 5
1 34 1
7 34 1
1 34 1
3 35 1
4 35 2
5 37 3
6 41 1
7 42 1
3 42 1
4 42 2
5 45 4
SEAM 18
0 0 4
1 4 1
0 5 1
2 5 1
0 6 6
3 13 1
4 13 1
0 13 1
5 14 1
0 14 8
6 23 1
0 23 3
7 27 1
0 28 6
8 34 1
0 34 1
9 34 1
0 35 14
CB_006
50
1201.890630 357.564240 0.000000 10.000000
8
DEPTH 50
0.000000
1.800000
3.600000
5.600000
7.400000
9.400000
11.200000
13.200000
15.000000
17.000000
18.800000
20.800000
22.600000
24.600000
26.400000
28.400000
30.200000
32.200000
34.000000
36.000000
37.800000
39.800000
41.600000
43.600000
45.400000
47.400000
49.200000
51.000000
53.000000
54.800000
56.800000
58.600000
60.600000
62.400000
64.400000
66.200000
68.200000
70.000000
72.000000
73.800000
75.800000
77.600000
79.600000
81.400000
83.400000
85.200000
87.200000
89.000000
91.000000
92.800000
GR 50
61.435060
96.263930
94.515370
10.993610
24.738800
26.553880
32.597980
24.536830
73.387020
55.336980
49.219620
94.383300
94.228050
139.961720
70.635250
17.920390
84.217020
73.557410
94.810350
113.040850
19.889310
66.488340
106.731230
81.965510
120.104950
97.935880
18.747130
21.828030
21.580220
28.155280
91.945930
63.874920
95.199040
87.081520
120.551910
16.873200
25.800050
47.142990
42.223570
114.107290
99.742930
91.752660
83.783220
85.394420
88.468890
34.152900
20.058900
74.606450
52.916400
79.833670
RT 50
34.764410
14.191180
17.999860
611.090450
619.761630
60.757120
86.251610
104.186410
32.214380
39.614530
46.084340
18.877230
15.004240
6.381190
22.503060
81.101520
9.815370
16.452970
11.501420
14.142640
537.287500
32.108010
17.361520
14.273890
8.352680
10.432660
261.040510
73.576070
61.177770
73.293090
16.778380
21.021750
18.737860
8.512830
14.008080
611.343610
54.902500
76.810210
60.003260
13.968930
15.499760
22.713170
19.497890
15.071410
7.989710
35.822890
66.136490
39.322820
37.709650
41.964260
DEN 50
2.605570
2.456180
2.578650
1.363770
1.180550
2.451490
2.418430
2.313520
2.587480
2.527070
2.475510
2.617170
2.500950
2.651850
2.537760
2.332750
2.447200
2.507530
2.620840
2.647000
1.229830
2.332120
2.566000
2.551970
2.559560
2.627640
1.165190
2.374310
2.382370
2.497250
2.536700
2.542040
2.571980
2.619090
2.511210
1.245420
2.348360
2.362010
2.349380
2.555730
2.607220
2.580730
2.601510
2.549030
2.608380
2.432050
2.456190
2.563150
2.589020
2.502370
CAL 50
5.997430
6.140640
6.492310
11.380710
8.988100
5.585960
6.015700
6.113070
6.661250
6.773880
6.551520
6.416740
6.377180
6.266660
7.035050
6.277350
6.495530
6.852230
6.176090
6.375730
11.459070
6.240960
6.650430
6.191570
6.372560
6.228680
9.593720
6.178000
6.345090
5.599290
6.926780
6.392930
6.476860
6.538770
6.138190
12.319680
6.587660
6.142250
6.301190
6.384380
7.451140
5.711720
6.471700
6.443930
6.592750
6.589560
5.910250
6.633220
6.386140
6.408560
SON 50
70.246510
75.776840
85.060410
109.275470
105.652670
49.808520
61.443240
63.215520
67.779080
78.857720
93.276050
91.495320
84.043430
73.085590
76.593450
63.850110
87.897260
91.153800
91.727530
77.903420
112.927980
75.328320
87.404300
84.804780
91.531360
85.732390
119.814600
71.060050
53.914790
53.357420
83.852330
91.141550
89.286220
96.930410
113.538750
114.995020
55.359090
66.993380
72.524350
84.048950
92.307040
85.726310
89.457640
90.345180
97.895510
85.623560
61.601940
74.339310
70.197460
74.426760
NEU 50
35.504770
32.611410
40.507220
68.075670
52.173390
16.148910
8.995890
21.275170
30.395400
28.379480
31.729440
36.999080
46.080520
37.676890
22.984830
29.260810
35.720150
42.823960
26.122240
21.833410
61.787480
26.507700
34.193220
45.253540
45.202670
38.247130
65.334460
19.057660
24.593490
22.835180
41.744970
37.792460
34.239640
53.424500
37.019140
51.467410
20.814450
18.628330
19.961810
39.904350
28.768320
43.356650
35.494470
37.493010
31.877030
30.818840
23.534010
35.865650
21.763630
37.813870
LITH 50
5.000000
7.000000
7.000000
1.000000
1.000000
4.000000
4.000000
4.000000
5.000000
5.000000
5.000000
7.000000
7.000000
8.000000
3.000000
4.000000
7.000000
7.000000
7.000000
6.000000
1.000000
3.000000
7.000000
7.000000
6.000000
6.000000
1.000000
4.000000
4.000000
4.000000
7.000000
7.000000
7.000000
6.000000
6.000000
1.000000
4.000000
4.000000
4.000000
7.000000
7.000000
7.000000
7.000000
7.000000
6.000000
3.000000
4.000000
5.000000
5.000000
5.000000
2
LITH 34
5 0 1
7 0 1
8 2 1
1 2 1
7 3 1
1 3 1
3 4 1
4 4 3
5 7 2
7 10 2
8 12 1
1 13 1
3 13 1
4 14 1
7 15 2
6 18 1
1 19 1
3 20 1
7 21 1
6 23 2
1 25 1
3 26 1
4 26 3
7 29 3
6 32 2
1 34 1
3 35 1
4 35 2
7 38 5
6 43 1
7 44 1
3 44 1
4 45 1
5 46 3
SEAM 13
0 0 2
1 2 1
0 3 1
2 3 1
0 4 8
3 13 1
0 13 5
4 19 1
0 20 4
5 25 1
0 26 8
6 34 1
0 35 14
CB_008
50
1263.738040 2121.940010 0.000000 10.000000
8
DEPTH 50
0.000000
1.800000
3.600000
5.400000
7.400000
9.200000
11.000000
12.800000
14.800000
16.600000
18.400000
20.200000
22.200000
24.000000
25.800000
27.600000
29.600000
31.400000
33.200000
35.000000
37.000000
38.800000
40.600000
42.400000
44.400000
46.200000
48.000000
50.000000
51.800000
53.600000
55.400000
57.400000
59.200000
61.000000
62.800000
64.800000
66.600000
68.400000
70.200000
72.200000
74.000000
75.800000
77.600000
79.600000
81.400000
83.200000
85.000000
87.000000
88.800000
90.600000
GR 50
57.066410
118.096380
93.494910
14.011180
45.037270
80.054030
93.245750
70.140490
82.342270
60.267490
102.268380
15.338640
15.569780
62.270830
65.607370
71.751750
100.261670
73.098280
73.278640
84.118400
108.099020
17.681020
81.216320
89.181050
100.101440
98.726190
116.742350
112.350590
93.308030
19.987980
63.358190
32.747400
32.895490
82.533980
75.644740
102.323350
102.453940
95.951810
29.028000
101.535120
92.767570
91.647020
125.504120
66.831720
143.584720
138.650410
77.671250
34.359770
41.414690
99.717240
RT 50
64.785360
14.099650
11.776480
87.248130
31.103720
23.880920
28.592870
30.009970
57.637340
43.204780
6.719520
488.397890
525.757700
37.999240
38.653740
57.339710
48.721050
42.493810
21.110590
21.817220
5.985960
242.575900
45.215840
19.587340
19.915000
8.932280
13.636440
10.650110
12.938690
411.848250
16.722950
143.519610
88.266160
58.462870
32.057940
15.838440
15.460560
16.894860
62.742620
9.439070
9.607420
26.687450
18.531340
9.073620
10.808490
17.758900
14.822140
69.907340
106.915540
16.336360
DEN 50
2.525090
2.581750
2.643130
2.307380
2.379990
2.574380
2.564520
2.458330
2.447190
2.632890
2.629460
1.245030
1.286480
2.503670
2.582450
2.493620
2.570170
2.568930
2.566850
2.566330
2.509670
1.225040
2.491740
2.557160
2.542690
2.623120
2.573870
2.652580
2.601200
1.386500
2.324560
2.378380
2.354110
2.632770
2.516250
2.611590
2.527090
2.509900
2.337130
2.631130
2.441790
2.553910
2.622490
2.553240
2.604280
2.649860
2.455310
2.405710
2.418980
2.511730
CAL 50
6.274460
6.502630
6.463840
6.195980
6.535600
5.839480
6.547840
6.187300
6.329180
6.185530
6.590880
9.154530
10.304910
6.492440
5.781900
6.301550
6.219820
6.808030
6.698570
6.033490
6.266660
12.013830
6.206120
6.061990
6.601260
6.365850
6.681470
6.403330
6.633080
9.305520
6.226540
6.544820
6.123460
6.569480
6.460370
6.477310
6.755310
5.916020
5.979870
7.098580
6.797250
6.872410
6.487020
6.535660
6.075410
6.637960
6.348670
6.074660
5.859300
6.373180
SON 50
81.683150
87.258880
98.194700
59.467770
80.827220
70.212830
70.540340
76.803580
85.967930
76.086650
84.044480
121.369860
120.394210
62.982190
84.018000
79.484430
82.502790
67.885480
93.902510
83.456310
79.155130
138.789860
66.682300
76.328990
82.288370
90.792560
104.587570
90.387660
86.327300
119.835570
70.187090
43.573710
66.673070
72.671700
64.492830
92.988920
92.671080
90.424000
74.321350
82.358720
84.967550
83.928160
90.767810
111.767580
88.139760
85.468960
92.473380
58.855890
56.007400
65.602710
NEU 50
29.962550
36.049160
34.970070
23.397760
32.826560
37.425800
23.160590
24.477660
36.257540
29.191250
42.531690
49.236670
63.604000
28.719230
31.716250
36.703460
31.167350
36.853820
41.700070
36.843960
35.104750
42.156230
32.239330
32.715670
34.763430
47.718080
41.362310
41.346310
35.179580
51.648660
40.073270
19.776670
29.665630
32.195680
31.091430
39.734160
31.071300
36.972840
28.899370
29.699650
36.443240
47.147910
41.536200
38.113490
42.696130
43.343180
30.520310
29.916110
27.875980
34.566100
LITH 50
5.000000
7.000000
7.000000
4.000000
3.000000
5.000000
5.000000
5.000000
5.000000
5.000000
6.000000
1.000000
1.000000
5.000000
5.000000
5.000000
5.000000
5.000000
7.000000
7.000000
7.000000
1.000000
3.000000
7.000000
7.000000
6.000000
6.000000
6.000000
6.000000
1.000000
3.000000
4.000000
4.000000
5.000000
5.000000
7.000000
7.000000
7.000000
4.000000
7.000000
7.000000
7.000000
7.000000
6.000000
6.000000
6.000000
3.000000
4.000000
4.000000
7.000000
2
LITH 32
5 0 1
7 0 2
4 2 1
3 3 1
5 4 4
6 9 1
1 10 1
7 11 1
1 11 1
3 12 1
5 12 4
7 17 2
1 20 1
3 21 1
7 22 2
6 24 3
10 28 1
1 28 1
3 29 1
4 30 1
5 32 2
7 34 2
10 37 1
1 37 1
3 37 1
4 37 1
7 38 3
6 42 2
7 45 1
3 45 1
4 46 1
7 48 1
SEAM 11
0 0 10
1 10 1
0 11 1
2 11 1
0 12 8
3 20 1
0 21 6
4 28 1
0 29 7
5 37 1
0 37 12
CB_010
50
1410.872310 3622.235380 0.000000 10.000000
8
DEPTH 50
0.000000
1.800000
3.600000
5.400000
7.400000
9.200000
11.000000
12.800000
14.800000
16.600000
18.400000
20.200000
22.200000
24.000000
25.800000
27.600000
29.600000
31.400000
33.200000
35.000000
37.000000
38.800000
40.600000
42.400000
44.400000
46.200000
48.000000
50.000000
51.800000
53.600000
55.400000
57.400000
59.200000
61.000000
62.800000
64.800000
66.600000
68.400000
70.200000
72.200000
74.000000
75.800000
77.600000
79.600000
81.400000
83.200000
85.000000
87.000000
88.800000
90.600000
GR 50
60.091340
104.542890
92.683790
76.455480
86.613630
23.225060
18.880930
94.305900
93.180490
119.359910
110.433720
108.163920
39.002940
40.612450
19.142760
40.733120
93.012410
96.376770
97.278060
105.174360
111.215280
104.570220
14.926320
15.784970
50.192700
57.027090
89.230250
100.903170
115.469110
87.538700
69.706280
21.345930
39.969530
31.725280
59.097440
78.410840
45.817300
120.763030
101.001160
98.118770
121.212220
11.335020
70.582510
78.425680
133.889380
94.815570
24.786240
101.281370
86.163220
113.230380
RT 50
28.081470
16.916320
14.871530
11.592390
14.136530
630.413470
603.618890
10.063560
8.033240
10.975610
5.640010
10.367430
76.736710
157.911100
57.648150
49.087060
15.886990
11.874050
18.411400
17.364340
11.676400
22.373300
879.070830
985.588930
30.078280
42.234940
30.745260
9.585950
14.106310
11.490330
17.446670
94.407230
117.562210
68.538680
24.049070
33.563020
66.200390
6.953380
7.519620
13.924200
13.830250
379.486970
38.210720
61.381600
16.797180
8.056910
452.386310
22.619550
14.010930
22.412900
DEN 50
2.494260
2.594060
2.554350
2.582300
2.569160
1.307400
1.462350
2.542110
2.573300
2.580600
2.639890
2.603030
2.361330
2.247850
2.352650
2.337500
2.586590
2.559490
2.533060
2.553260
2.482500
2.522580
1.290860
1.300900
2.472300
2.548280
2.534300
2.483310
2.471860
2.540160
2.408790
2.341240
2.249190
2.298540
2.522850
2.484130
2.547370
2.524140
2.607360
2.631010
2.635640
1.427280
2.527620
2.541150
2.577000
2.558650
1.253870
2.572280
2.596480
2.475580
CAL 50
6.213640
6.648740
6.185660
6.891510
6.276820
11.136810
10.153170
6.533100
7.028260
6.521120
6.248270
6.714300
5.973130
6.074520
6.372190
6.133140
6.907190
6.190470
6.099310
6.777950
5.500000
6.336840
11.419310
9.895570
6.328480
6.708730
6.340820
6.561590
6.265870
6.395230
5.899790
6.557580
6.426080
6.126360
5.969350
6.513830
6.088890
6.491980
6.752290
5.918610
6.985770
9.172870
6.206720
6.455820
6.297840
6.362310
11.431940
6.283700
6.397040
6.471420
SON 50
80.857440
88.625770
86.642650
77.014280
82.427940
116.528150
125.112070
83.943550
80.757040
103.124250
103.306700
91.092120
62.129500
61.836590
64.601350
56.073300
78.729640
85.739050
74.674890
75.872860
87.387700
87.117990
119.758190
126.610630
63.416350
84.362850
76.564310
82.273410
88.586560
91.031500
75.695530
54.767200
58.852670
58.452270
75.822620
78.269600
53.349210
90.981240
85.831440
73.790890
103.588100
126.606130
91.986440
78.160100
69.037130
94.123330
126.736430
87.991880
95.600070
86.516460
NEU 50
29.877010
38.495050
39.587290
41.799530
45.935270
64.619450
53.249140
40.710760
40.556210
39.385370
39.895600
40.340710
24.315560
21.242170
15.480910
31.893400
36.000250
38.114920
41.733490
40.670290
45.524150
45.205090
66.161610
57.498020
23.887030
31.310290
37.934420
36.708810
37.898450
41.377470
32.847130
30.081000
26.419470
8.640390
32.497540
29.168630
24.363490
37.570900
43.054840
41.819670
45.366710
51.395690
37.846200
26.530420
31.445670
42.962020
55.121680
47.241930
38.108880
35.611280
LITH 50
5.000000
7.000000
7.000000
7.000000
7.000000
1.000000
1.000000
7.000000
7.000000
6.000000
6.000000
6.000000
4.000000
4.000000
4.000000
4.000000
7.000000
7.000000
7.000000
7.000000
7.000000
7.000000
1.000000
1.000000
5.000000
5.000000
5.000000
7.000000
7.000000
7.000000
3.000000
4.000000
4.000000
4.000000
5.000000
5.000000
5.000000
6.000000
6.000000
6.000000
6.000000
1.000000
5.000000
5.000000
6.000000
6.000000
1.000000
7.000000
7.000000
7.000000
2
LITH 34
5 0 1
7 0 3
10 4 1
1 4 1
2 5 1
1 5 1
3 6 1
7 6 2
6 8 2
10 11 1
7 11 1
3 11 1
4 11 3
7 15 6
9 21 1
1 21 1
3 23 1
5 23 2
7 26 3
3 29 1
4 30 3
5 33 3
6 36 3
1 40 1
7 41 1
1 41 1
3 41 1
5 41 1
6 43 1
1 45 1
7 46 1
1 46 1
3 46 1
7 46 3
SEAM 14
0 0 4
1 4 1
2 5 1
0 6 15
3 21 1
0 23 16
4 40 1
0 41 1
5 41 1
0 41 3
6 45 1
0 46 1
7 46 1
0 46 3
END
