WeCo WellList 2
2
Sigrun_A
170
0.000000 0.000000 3912.810000 25.650000
6
DEPTH 170
3912.810000
3912.870120
3913.022460
3913.174800
3913.327150
3913.479740
3913.632080
3913.784420
3913.936770
3914.089360
3914.241700
3914.394040
3914.546390
3914.698730
3914.851320
3915.003660
3915.156010
3915.308350
3915.460940
3915.613280
3915.765630
3915.917970
3916.070560
3916.222900
3916.375240
3916.527590
3916.679930
3916.832520
3916.984860
3917.137210
3917.289550
3917.442140
3917.594480
3917.746830
3917.899170
3918.051760
3918.204100
3918.356450
3918.508790
3918.661130
3918.813720
3918.966060
3919.118410
3919.270750
3919.423340
3919.575680
3919.728030
3919.880370
3920.032960
3920.185300
3920.337650
3920.489990
3920.642330
3920.794920
3920.947270
3921.099610
3921.251950
3921.404540
3921.556880
3921.709230
3921.861570
3922.014160
3922.166500
3922.318850
3922.471190
3922.623540
3922.776120
3922.928470
3923.080810
3923.233150
3923.385740
3923.538090
3923.690430
3923.842770
3923.995360
3924.147710
3924.300050
3924.452390
3924.604740
3924.757320
3924.909670
3925.062010
3925.214360
3925.366940
3925.519290
3925.671630
3925.823970
3925.976560
3926.128910
3926.281250
3926.433590
3926.585940
3926.738530
3926.890870
3927.043210
3927.195560
3927.348140
3927.500490
3927.652830
3927.805180
3927.957760
3928.110110
3928.262450
3928.414790
3928.567140
3928.719730
3928.872070
3929.024410
3929.176760
3929.329350
3929.481690
3929.634030
3929.786380
3929.938960
3930.091310
3930.243650
3930.396000
3930.548340
3930.700930
3930.853270
3931.005620
3931.157960
3931.310550
3931.462890
3931.615230
3931.767580
3931.920170
3932.072510
3932.224850
3932.377200
3932.529540
3932.682130
3932.834470
3932.986820
3933.139160
3933.291750
3933.444090
3933.596440
3933.748780
3933.901370
3934.053710
3934.206050
3934.358400
3934.510740
3934.663330
3934.815670
3934.968020
3935.120360
3935.272950
3935.425290
3935.577640
3935.729980
3935.882570
3936.034910
3936.187260
3936.339600
3936.491940
3936.644530
3936.796880
3936.949220
3937.101560
3937.254150
3937.406490
3937.558840
3937.711180
3937.863770
3938.016110
3938.168460
3938.320800
3938.460000
GR 170
101.561400
101.561400
104.103500
103.955900
95.571700
90.303600
86.313900
86.834100
88.075000
91.500300
99.173200
101.226000
103.789900
106.641000
102.298300
84.543700
53.233500
30.785900
19.970600
18.848600
20.608800
22.665300
26.706800
28.956000
30.667800
31.907700
29.577700
30.408200
32.758800
38.541500
39.554400
37.573100
37.387900
39.012900
42.649500
48.460310
60.386800
73.941500
84.332000
87.902300
83.715900
74.205700
57.069800
43.598700
37.966430
40.229400
48.784200
50.158600
50.455970
42.391300
43.019600
43.718300
47.727300
46.844700
48.313200
50.089700
47.456800
43.573140
36.361600
35.390800
42.315100
58.005250
74.636800
85.383500
92.618800
99.158500
98.785860
89.714100
74.413700
62.359300
50.965430
44.746000
48.249600
64.326200
78.908670
87.624300
89.764700
95.583700
96.178400
96.452130
78.811500
57.653300
35.041400
28.617850
32.580200
34.714200
31.711600
24.413490
21.412500
21.398100
20.833900
18.296700
16.570040
14.222600
13.944700
14.240700
17.568960
24.967800
32.662200
33.081400
27.428360
19.918800
18.321400
18.380100
23.186800
28.667830
30.623800
26.266700
20.223000
17.237170
17.091900
18.042700
18.841200
16.803580
15.852600
14.617400
14.254900
13.352400
13.197610
13.643600
13.746000
15.500800
23.149780
31.314100
34.394700
31.484400
28.649500
31.894200
33.752800
36.225100
38.765500
46.466260
55.049200
64.450000
73.226200
74.329930
58.621800
39.647300
27.551000
29.160840
32.684000
34.394400
36.540000
46.126400
54.004850
57.657300
45.376200
30.768300
18.010730
14.719000
13.918000
14.624200
13.731120
16.492500
20.635200
30.103800
46.398700
62.037940
68.803700
59.404500
43.552500
33.471440
27.447500
29.023600
32.021000
37.837630
44.219400
49.419900
58.531400
66.246100
NPHI 170
0.366700
0.366700
0.352500
0.344600
0.348700
0.366400
0.376400
0.381500
0.370300
0.362400
0.340900
0.336200
0.354500
0.396400
0.418900
0.433700
0.391600
0.314600
0.217700
0.161200
0.157000
0.172300
0.163400
0.124700
0.064900
0.025300
0.015300
0.013500
0.012400
0.010200
0.008200
0.006900
0.008500
0.014200
0.033600
0.072300
0.108300
0.140900
0.156400
0.181900
0.191100
0.181600
0.158400
0.133700
0.131100
0.135900
0.137300
0.132600
0.115300
0.111200
0.119300
0.141900
0.159000
0.170300
0.171200
0.157200
0.134200
0.128100
0.133300
0.145900
0.154200
0.180300
0.214300
0.234000
0.248300
0.241300
0.201300
0.140300
0.103200
0.098100
0.110700
0.123900
0.152700
0.172700
0.179200
0.184300
0.201500
0.227400
0.261800
0.309000
0.311100
0.254700
0.151300
0.068600
0.034700
0.051500
0.092300
0.129500
0.136200
0.127400
0.120900
0.125900
0.140000
0.129700
0.112200
0.090900
0.088300
0.089000
0.088600
0.092100
0.106000
0.127900
0.138700
0.136900
0.131200
0.128800
0.118800
0.123000
0.129800
0.137800
0.128100
0.118000
0.108400
0.105900
0.107900
0.116300
0.122000
0.117400
0.111700
0.106800
0.107000
0.102600
0.097900
0.092800
0.099500
0.107600
0.119800
0.123400
0.115800
0.101700
0.095500
0.100100
0.109400
0.111900
0.115500
0.126500
0.150400
0.167800
0.164200
0.126000
0.079400
0.042700
0.027500
0.024900
0.038600
0.086600
0.177800
0.207200
0.167700
0.071700
0.023000
0.017700
0.016900
0.017200
0.018400
0.019800
0.024400
0.035500
0.068900
0.141100
0.224000
0.264400
0.218600
0.140200
0.085500
0.083600
0.099900
0.112700
0.126600
0.126600
FACIES 170
7.000000
7.000000
7.000000
7.000000
7.000000
7.000000
7.000000
7.000000
7.000000
6.000000
6.000000
6.000000
6.000000
6.000000
6.000000
6.000000
6.000000
6.000000
6.000000
8.000000
8.000000
8.000000
7.000000
7.000000
7.000000
7.000000
6.000000
7.000000
7.000000
7.000000
7.000000
7.000000
6.000000
7.000000
7.000000
7.000000
7.000000
7.000000
7.000000
7.000000
7.000000
7.000000
7.000000
7.000000
8.000000
8.000000
8.000000
7.000000
7.000000
7.000000
7.000000
7.000000
7.000000
8.000000
8.000000
9.000000
9.000000
9.000000
9.000000
9.000000
9.000000
9.000000
10.000000
10.000000
10.000000
10.000000
7.000000
7.000000
6.000000
6.000000
6.000000
6.000000
7.000000
7.000000
7.000000
7.000000
7.000000
7.000000
7.000000
7.000000
7.000000
7.000000
7.000000
7.000000
7.000000
7.000000
7.000000
7.000000
7.000000
7.000000
7.000000
7.000000
7.000000
7.000000
7.000000
7.000000
7.000000
7.000000
7.000000
7.000000
7.000000
7.000000
7.000000
7.000000
7.000000
7.000000
7.000000
7.000000
8.000000
8.000000
8.000000
8.000000
8.000000
8.000000
8.000000
8.000000
8.000000
8.000000
8.000000
8.000000
9.000000
9.000000
10.000000
10.000000
10.000000
10.000000
12.000000
12.000000
12.000000
12.000000
12.000000
11.000000
9.000000
9.000000
9.000000
9.000000
9.000000
9.000000
9.000000
9.000000
9.000000
9.000000
9.000000
11.000000
11.000000
11.000000
11.000000
11.000000
11.000000
11.000000
12.000000
12.000000
12.000000
12.000000
12.000000
12.000000
12.000000
9.000000
9.000000
9.000000
9.000000
9.000000
9.000000
9.000000
9.000000
9.000000
12.000000
12.000000
12.000000
12.000000
SEQUENCE 170
5.000000
5.000000
5.000000
5.000000
5.000000
5.000000
5.000000
5.000000
5.000000
5.000000
5.000000
5.000000
5.000000
5.000000
5.000000
5.000000
5.000000
5.000000
5.000000
5.000000
5.000000
5.000000
5.000000
5.000000
5.000000
5.000000
5.000000
5.000000
5.000000
5.000000
5.000000
5.000000
5.000000
5.000000
5.000000
5.000000
5.000000
5.000000
5.000000
5.000000
5.000000
5.000000
5.000000
5.000000
5.000000
5.000000
5.000000
5.000000
5.000000
5.000000
5.000000
5.000000
5.000000
5.000000
5.000000
5.000000
5.000000
5.000000
5.000000
5.000000
5.000000
5.000000
5.000000
5.000000
5.000000
5.000000
5.000000
4.000000
4.000000
4.000000
4.000000
4.000000
4.000000
4.000000
4.000000
4.000000
4.000000
4.000000
4.000000
4.000000
4.000000
4.000000
4.000000
4.000000
4.000000
4.000000
4.000000
4.000000
4.000000
4.000000
4.000000
4.000000
4.000000
4.000000
4.000000
4.000000
4.000000
4.000000
4.000000
4.000000
4.000000
4.000000
4.000000
4.000000
4.000000
4.000000
4.000000
4.000000
4.000000
4.000000
4.000000
4.000000
4.000000
4.000000
4.000000
4.000000
4.000000
4.000000
4.000000
4.000000
4.000000
4.000000
4.000000
4.000000
4.000000
4.000000
4.000000
4.000000
4.000000
4.000000
4.000000
4.000000
4.000000
4.000000
4.000000
4.000000
4.000000
4.000000
4.000000
4.000000
4.000000
4.000000
4.000000
4.000000
4.000000
4.000000
4.000000
4.000000
4.000000
4.000000
4.000000
4.000000
4.000000
4.000000
4.000000
4.000000
4.000000
4.000000
4.000000
4.000000
4.000000
4.000000
4.000000
4.000000
4.000000
4.000000
4.000000
4.000000
4.000000
4.000000
DISTALITY 170
10.000000
10.000000
10.000000
10.000000
10.000000
10.000000
10.000000
10.000000
10.000000
10.000000
10.000000
10.000000
10.000000
10.000000
10.000000
10.000000
10.000000
10.000000
10.000000
10.000000
10.000000
10.000000
10.000000
10.000000
10.000000
10.000000
10.000000
10.000000
10.000000
10.000000
10.000000
10.000000
10.000000
10.000000
10.000000
10.000000
10.000000
10.000000
10.000000
10.000000
10.000000
10.000000
10.000000
10.000000
10.000000
10.000000
10.000000
10.000000
10.000000
10.000000
10.000000
10.000000
10.000000
10.000000
10.000000
10.000000
10.000000
10.000000
10.000000
10.000000
10.000000
10.000000
10.000000
10.000000
10.000000
10.000000
10.000000
10.000000
10.000000
10.000000
10.000000
10.000000
10.000000
10.000000
10.000000
10.000000
10.000000
10.000000
10.000000
10.000000
10.000000
10.000000
10.000000
10.000000
10.000000
10.000000
10.000000
10.000000
10.000000
10.000000
10.000000
10.000000
10.000000
10.000000
10.000000
10.000000
10.000000
10.000000
10.000000
10.000000
10.000000
10.000000
10.000000
10.000000
10.000000
10.000000
10.000000
10.000000
10.000000
10.000000
10.000000
10.000000
10.000000
10.000000
10.000000
10.000000
10.000000
10.000000
10.000000
10.000000
10.000000
10.000000
10.000000
10.000000
10.000000
10.000000
10.000000
10.000000
10.000000
10.000000
10.000000
10.000000
10.000000
10.000000
10.000000
10.000000
10.000000
10.000000
10.000000
10.000000
10.000000
10.000000
10.000000
10.000000
10.000000
10.000000
10.000000
10.000000
10.000000
10.000000
10.000000
10.000000
10.000000
10.000000
10.000000
10.000000
10.000000
10.000000
10.000000
10.000000
10.000000
10.000000
10.000000
10.000000
10.000000
10.000000
10.000000
10.000000
10.000000
10.000000
2
FACIES 26
7 0 9
6 9 10
8 19 3
7 22 4
6 26 1
7 27 5
6 32 1
7 33 11
8 44 3
7 47 6
8 53 2
9 55 7
10 62 4
7 66 2
6 68 4
7 72 36
8 108 12
9 120 2
10 122 4
12 126 5
11 131 1
9 132 11
11 143 7
12 150 7
9 157 9
12 166 4
SEQUENCE 2
5 0 67
4 67 103
Sigrun_B
115
0.000000 0.000000 3821.990000 17.140000
6
DEPTH 115
3821.990000
3822.039550
3822.192140
3822.344480
3822.496830
3822.649170
3822.801760
3822.954100
3823.106450
3823.258790
3823.411130
3823.563720
3823.716060
3823.868410
3824.020750
3824.173340
3824.325680
3824.478030
3824.630370
3824.782960
3824.935300
3825.087650
3825.239990
3825.392330
3825.544920
3825.697270
3825.849610
3826.001950
3826.154540
3826.306880
3826.459230
3826.611570
3826.764160
3826.916500
3827.068850
3827.221190
3827.373540
3827.526120
3827.678470
3827.830810
3827.983150
3828.135740
3828.288090
3828.440430
3828.592770
3828.745360
3828.897710
3829.050050
3829.202390
3829.354740
3829.507320
3829.659670
3829.812010
3829.964360
3830.116940
3830.269290
3830.421630
3830.573970
3830.726560
3830.878910
3831.031250
3831.183590
3831.335940
3831.488530
3831.640870
3831.793210
3831.945560
3832.098140
3832.250490
3832.402830
3832.555180
3832.707760
3832.860110
3833.012450
3833.164790
3833.317140
3833.469730
3833.622070
3833.774410
3833.926760
3834.079350
3834.231690
3834.384030
3834.536380
3834.688960
3834.841310
3834.993650
3835.146000
3835.298340
3835.450930
3835.603270
3835.755620
3835.907960
3836.060550
3836.212890
3836.365230
3836.517580
3836.670170
3836.822510
3836.974850
3837.127200
3837.279540
3837.432130
3837.584470
3837.736820
3837.889160
3838.041750
3838.194090
3838.346440
3838.498780
3838.651370
3838.803710
3838.956050
3839.108400
3839.130000
GR 115
17.479190
17.479190
17.541730
15.934890
16.483970
15.973160
18.289910
19.555560
19.809280
17.660680
14.111690
11.420860
11.676590
15.293640
19.765410
26.043160
32.252840
35.743950
38.231980
36.695710
39.713800
40.889420
42.707140
44.039310
44.873740
47.488780
48.910650
51.445480
53.830620
52.225700
47.112980
44.820110
48.636570
56.558360
64.470350
65.830130
64.571310
55.933540
54.191400
56.337290
64.293620
69.187100
69.677360
62.218800
53.002040
48.712940
53.928000
53.655860
43.181530
28.110780
21.171900
21.839400
27.434910
38.661820
50.202820
60.880700
66.981570
66.258420
58.814800
49.863240
46.609330
44.857370
39.553280
32.459060
26.928020
28.752350
34.836090
41.124000
44.697000
43.999590
46.748360
50.462930
55.064500
50.576530
45.124250
39.377450
40.468600
42.028690
48.074080
55.932300
60.598050
61.375000
61.604170
63.458330
65.688400
61.898640
58.820070
54.945920
52.586980
48.835900
44.461090
41.085290
33.868390
28.524090
21.679000
21.031450
22.907670
30.211550
41.558500
50.005610
55.564900
54.798880
57.356570
60.461200
66.320510
66.838140
67.580020
69.213000
71.854160
72.386220
66.607970
62.997160
60.537300
64.052890
64.052890
NPHI 115
0.112230
0.112230
0.105370
0.102360
0.115170
0.120060
0.119900
0.110390
0.093510
0.097150
0.115250
0.127750
0.126870
0.113830
0.102710
0.095350
0.095340
0.109520
0.122450
0.121480
0.119400
0.114390
0.113560
0.107390
0.099190
0.092500
0.093690
0.087680
0.080150
0.068800
0.054930
0.054120
0.043570
0.046080
0.041750
0.031080
0.014300
0.010000
0.010000
0.010000
0.012360
0.029540
0.043410
0.022340
0.010000
0.010000
0.010000
0.010000
0.010000
0.010000
0.010000
0.010000
0.010380
0.015810
0.037890
0.055100
0.047110
0.026350
0.010000
0.011210
0.020500
0.031060
0.020540
0.011290
0.010000
0.010540
0.013680
0.013170
0.015510
0.011830
0.013680
0.013510
0.020350
0.031540
0.032550
0.033530
0.042560
0.062430
0.073300
0.070480
0.059930
0.063940
0.072920
0.087530
0.063780
0.045740
0.034540
0.040050
0.040430
0.022310
0.010000
0.010000
0.010000
0.010000
0.010000
0.010000
0.010000
0.010000
0.010000
0.010000
0.010000
0.010000
0.014220
0.044550
0.073140
0.064770
0.067450
0.058600
0.049460
0.022340
0.010000
0.010000
0.010710
0.015670
0.015670
FACIES 115
6.000000
6.000000
6.000000
6.000000
6.000000
6.000000
6.000000
6.000000
6.000000
6.000000
7.000000
7.000000
7.000000
7.000000
7.000000
7.000000
7.000000
7.000000
5.000000
5.000000
5.000000
5.000000
5.000000
5.000000
7.000000
7.000000
7.000000
7.000000
7.000000
8.000000
8.000000
8.000000
8.000000
8.000000
8.000000
8.000000
8.000000
8.000000
8.000000
8.000000
8.000000
8.000000
8.000000
9.000000
9.000000
9.000000
10.000000
10.000000
10.000000
10.000000
10.000000
10.000000
10.000000
10.000000
12.000000
10.000000
10.000000
11.000000
11.000000
11.000000
11.000000
11.000000
11.000000
11.000000
11.000000
11.000000
11.000000
12.000000
12.000000
7.000000
11.000000
11.000000
11.000000
12.000000
10.000000
10.000000
10.000000
10.000000
10.000000
10.000000
10.000000
10.000000
11.000000
11.000000
11.000000
8.000000
8.000000
8.000000
9.000000
9.000000
9.000000
9.000000
11.000000
11.000000
11.000000
11.000000
11.000000
11.000000
10.000000
10.000000
10.000000
10.000000
11.000000
11.000000
11.000000
1.000000
11.000000
11.000000
11.000000
11.000000
11.000000
11.000000
11.000000
11.000000
11.000000
SEQUENCE 115
5.000000
5.000000
5.000000
5.000000
5.000000
5.000000
5.000000
5.000000
5.000000
5.000000
5.000000
5.000000
5.000000
5.000000
5.000000
5.000000
5.000000
5.000000
5.000000
5.000000
5.000000
5.000000
5.000000
5.000000
5.000000
5.000000
5.000000
5.000000
5.000000
5.000000
5.000000
5.000000
5.000000
5.000000
5.000000
5.000000
5.000000
5.000000
5.000000
5.000000
5.000000
5.000000
5.000000
5.000000
5.000000
5.000000
5.000000
5.000000
5.000000
5.000000
5.000000
5.000000
5.000000
5.000000
5.000000
5.000000
5.000000
5.000000
5.000000
5.000000
5.000000
5.000000
5.000000
5.000000
5.000000
5.000000
5.000000
5.000000
5.000000
4.000000
4.000000
4.000000
4.000000
4.000000
4.000000
4.000000
4.000000
4.000000
4.000000
4.000000
4.000000
4.000000
4.000000
4.000000
4.000000
4.000000
4.000000
4.000000
4.000000
4.000000
4.000000
4.000000
4.000000
4.000000
4.000000
4.000000
4.000000
4.000000
4.000000
4.000000
4.000000
4.000000
4.000000
4.000000
4.000000
4.000000
4.000000
4.000000
4.000000
4.000000
4.000000
4.000000
4.000000
4.000000
4.000000
DISTALITY 115
0.000000
0.000000
0.000000
0.000000
0.000000
0.000000
0.000000
0.000000
0.000000
0.000000
0.000000
0.000000
0.000000
0.000000
0.000000
0.000000
0.000000
0.000000
0.000000
0.000000
0.000000
0.000000
0.000000
0.000000
0.000000
0.000000
0.000000
0.000000
0.000000
0.000000
0.000000
0.000000
0.000000
0.000000
0.000000
0.000000
0.000000
0.000000
0.000000
0.000000
0.000000
0.000000
0.000000
0.000000
0.000000
0.000000
0.000000
0.000000
0.000000
0.000000
0.000000
0.000000
0.000000
0.000000
0.000000
0.000000
0.000000
0.000000
0.000000
0.000000
0.000000
0.000000
0.000000
0.000000
0.000000
0.000000
0.000000
0.000000
0.000000
0.000000
0.000000
0.000000
0.000000
0.000000
0.000000
0.000000
0.000000
0.000000
0.000000
0.000000
0.000000
0.000000
0.000000
0.000000
0.000000
0.000000
0.000000
0.000000
0.000000
0.000000
0.000000
0.000000
0.000000
0.000000
0.000000
0.000000
0.000000
0.000000
0.000000
0.000000
0.000000
0.000000
0.000000
0.000000
0.000000
0.000000
0.000000
0.000000
0.000000
0.000000
0.000000
0.000000
0.000000
0.000000
0.000000
2
FACIES 23
6 0 10
7 10 8
5 18 6
7 24 5
8 29 14
9 43 3
10 46 8
12 54 1
10 55 2
11 57 10
12 67 2
7 69 1
11 70 3
12 73 1
10 74 8
11 82 3
8 85 3
9 88 4
11 92 6
10 98 4
11 102 3
1 105 1
11 106 9
SEQUENCE 2
5 0 69
4 69 46
END
