WellIds: 0 1
Node 0 ( 0 0 )
Node 1 ( 0 1 )
  -> 0 (0.755102)
Node 2 ( 0 2 )
  -> 1 (0.867347)
Node 3 ( 1 1 )
  -> 1 (1)
  -> 0 (0.5)
Node 4 ( 2 1 )
  -> 3 (0.367347)
Node 5 ( 1 3 )
  -> 2 (0.367347)
Node 6 ( 2 2 )
  -> 4 (1)
  -> 3 (0.5)
Node 7 ( 3 1 )
  -> 4 (0.255102)
Node 8 ( 2 3 )
  -> 5 (-0.244898)
  -> 6 (-0.244898)
Node 9 ( 3 2 )
  -> 7 (0.867347)
  -> 6 (0.867347)
  -> 4 (0.367347)
Node 10 ( 4 1 )
  -> 7 (1)
Node 11 ( 3 3 )
  -> 9 (-0.336735)
  -> 8 (-0.336735)
Node 12 ( 4 3 )
  -> 9 (0.367347)
  -> 11 (0.867347)
Node 13 ( 5 2 )
  -> 10 (0.5)
Node 14 ( 5 3 )
  -> 13 (-0.244898)
  -> 12 (-0.244898)
Node 15 ( 6 3 )
  -> 13 (0.367347)
  -> 14 (0.867347)
Node 16 ( 7 3 )
  -> 15 (-0.244898)
Node 17 ( 8 3 )
  -> 16 (-0.336735)
Node 18 ( 9 3 )
  -> 17 (0.755102)
Node 19 ( 10 3 )
  -> 18 (-0.336735)
Node 20 ( 11 3 )
  -> 19 (-0.408163)
Node 21 ( 12 3 )
  -> 20 (-2.5)
Node 22 ( 13 3 )
  -> 21 (0.755102)
Node 23 ( 14 3 )
  -> 22 (0.867347)
Node 24 ( 15 3 )
  -> 23 (-0.244898)
Node 25 ( 16 3 )
  -> 24 (-0.336735)
Node 26 ( 16 4 )
  -> 24 (0.367347)
Node 27 ( 17 3 )
  -> 25 (-0.408163)
Node 28 ( 17 4 )
  -> 27 (0.755102)
  -> 25 (0.255102)
Node 29 ( 18 3 )
  -> 27 (-0.459184)
Node 30 ( 17 5 )
  -> 28 (0.867347)
  -> 26 (0.367347)
Node 31 ( 18 4 )
  -> 29 (0.663265)
  -> 27 (0.163265)
Node 32 ( 19 3 )
  -> 29 (-1.5)
Node 33 ( 18 5 )
  -> 28 (0.255102)
  -> 31 (0.755102)
Node 34 ( 19 4 )
  -> 29 (0.0408163)
  -> 32 (0.540816)
Node 35 ( 18 6 )
  -> 30 (0.367347)
  -> 33 (0.867347)
Node 36 ( 19 5 )
  -> 31 (0.0918367)
  -> 34 (0.591837)
Node 37 ( 19 6 )
  -> 33 (0.163265)
  -> 36 (0.663265)
Node 38 ( 19 7 )
  -> 35 (0.255102)
  -> 37 (0.755102)
Node 39 ( 19 8 )
  -> 38 (1)
Node 40 ( 19 9 )
  -> 39 (-1.2449)
Node 41 ( 19 10 )
  -> 40 (0.867347)
Node 42 ( 19 11 )
  -> 41 (1)
Node 43 ( 19 12 )
  -> 42 (-4.45918)
Node 44 ( 20 12 )
  -> 43 (0.591837)
Node 45 ( 21 12 )
  -> 44 (0.755102)
Node 46 ( 22 12 )
  -> 45 (-4.40816)
Node 47 ( 23 12 )
  -> 46 (-1.95918)
Node 48 ( 24 12 )
  -> 47 (0.755102)
Node 49 ( 25 12 )
  -> 48 (-6.95918)
Node 50 ( 25 13 )
  -> 49 (0.867347)
Node 51 ( 25 14 )
  -> 50 (1)
Node 52 ( 25 15 )
  -> 51 (-2.2449)
Node 53 ( 25 16 )
  -> 52 (0.867347)
Node 54 ( 25 17 )
  -> 53 (-3.90816)
Node 55 ( 25 18 )
  -> 54 (0.663265)
Node 56 ( 26 17 )
  -> 54 (0.591837)
Node 57 ( 25 19 )
  -> 55 (1)
Node 58 ( 26 18 )
  -> 55 (0.663265)
  -> 56 (0.663265)
  -> 54 (0.163265)
Node 59 ( 25 20 )
  -> 57 (1)
Node 60 ( 26 19 )
  -> 57 (1)
  -> 55 (0.5)
  -> 58 (1)
Node 61 ( 26 20 )
  -> 59 (1)
  -> 57 (0.5)
  -> 60 (1)
