Well_11  3936.95000 3961.95000 23.000000
DISTAL 2 3913.95000 3938.95000
FACIES_1 5 3913.95000 3915.56000
FACIES_1 7 3915.56000 3915.95000
FACIES_1 6 3915.95000 3916.47000
FACIES_1 5 3916.47000 3916.69000
FACIES_1 7 3916.69000 3917.45000
FACIES_1 6 3917.45000 3917.62000
FACIES_1 7 3917.62000 3919.25000
FACIES_1 6 3919.25000 3919.78000
FACIES_1 5 3919.78000 3920.61000
FACIES_1 6 3920.61000 3920.88000
FACIES_1 5 3920.88000 3922.06000
FACIES_1 4 3922.06000 3922.60000
FACIES_1 1 3922.60000 3922.86000
FACIES_1 6 3922.86000 3923.60000
FACIES_1 7 3923.60000 3929.90000
FACIES_1 6 3929.90000 3930.91000
FACIES_1 5 3930.91000 3931.12000
FACIES_1 4 3931.12000 3931.72000
FACIES_1 3 3931.72000 3932.54000
FACIES_1 1 3932.54000 3932.75000
FACIES_1 2 3932.75000 3934.30000
FACIES_1 4 3934.30000 3935.45000
FACIES_1 2 3935.45000 3936.44000
FACIES_1 1 3936.44000 3937.83000
FACIES_1 4 3937.83000 3938.46000
FACIES_1 1 3938.46000 3938.95000
FACIES_2 2 3913.95000 3915.56000
FACIES_2 3 3915.56000 3915.95000
FACIES_2 2 3915.95000 3916.47000
FACIES_2 2 3916.47000 3916.69000
FACIES_2 3 3916.69000 3917.45000
FACIES_2 2 3917.45000 3917.62000
FACIES_2 3 3917.62000 3919.25000
FACIES_2 2 3919.25000 3919.78000
FACIES_2 2 3919.78000 3920.61000
FACIES_2 2 3920.61000 3920.88000
FACIES_2 2 3920.88000 3922.06000
FACIES_2 2 3922.06000 3922.60000
FACIES_2 1 3922.60000 3922.86000
FACIES_2 2 3922.86000 3923.60000
FACIES_2 3 3923.60000 3929.90000
FACIES_2 2 3929.90000 3930.91000
FACIES_2 2 3930.91000 3931.12000
FACIES_2 2 3931.12000 3931.72000
FACIES_2 1 3931.72000 3932.54000
FACIES_2 1 3932.54000 3932.75000
FACIES_2 1 3932.75000 3934.30000
FACIES_2 2 3934.30000 3935.45000
FACIES_2 1 3935.45000 3936.44000
FACIES_2 1 3936.44000 3937.83000
FACIES_2 2 3937.83000 3938.46000
FACIES_2 1 3938.46000 3938.95000
FACIES_3 3 3913.95000 3915.56000
FACIES_3 3 3915.56000 3915.95000
FACIES_3 3 3915.95000 3916.47000
FACIES_3 3 3916.47000 3916.69000
FACIES_3 3 3916.69000 3917.45000
FACIES_3 3 3917.45000 3917.62000
FACIES_3 3 3917.62000 3919.25000
FACIES_3 3 3919.25000 3919.78000
FACIES_3 3 3919.78000 3920.61000
FACIES_3 3 3920.61000 3920.88000
FACIES_3 3 3920.88000 3922.06000
FACIES_3 2 3922.06000 3922.60000
FACIES_3 1 3922.60000 3922.86000
FACIES_3 3 3922.86000 3923.60000
FACIES_3 3 3923.60000 3929.90000
FACIES_3 3 3929.90000 3930.91000
FACIES_3 3 3930.91000 3931.12000
FACIES_3 2 3931.12000 3931.72000
FACIES_3 1 3931.72000 3932.54000
FACIES_3 1 3932.54000 3932.75000
FACIES_3 1 3932.75000 3934.30000
FACIES_3 2 3934.30000 3935.45000
FACIES_3 1 3935.45000 3936.44000
FACIES_3 1 3936.44000 3937.83000
FACIES_3 2 3937.83000 3938.46000
FACIES_3 1 3938.46000 3938.95000
FACIES_4 2 3913.95000 3915.56000
FACIES_4 2 3915.56000 3915.95000
FACIES_4 2 3915.95000 3916.47000
FACIES_4 2 3916.47000 3916.69000
FACIES_4 2 3916.69000 3917.45000
FACIES_4 2 3917.45000 3917.62000
FACIES_4 2 3917.62000 3919.25000
FACIES_4 2 3919.25000 3919.78000
FACIES_4 2 3919.78000 3920.61000
FACIES_4 2 3920.61000 3920.88000
FACIES_4 2 3920.88000 3922.06000
FACIES_4 1 3922.06000 3922.60000
FACIES_4 1 3922.60000 3922.86000
FACIES_4 2 3922.86000 3923.60000
FACIES_4 2 3923.60000 3929.90000
FACIES_4 2 3929.90000 3930.91000
FACIES_4 2 3930.91000 3931.12000
FACIES_4 1 3931.12000 3931.72000
FACIES_4 1 3931.72000 3932.54000
FACIES_4 1 3932.54000 3932.75000
FACIES_4 1 3932.75000 3934.30000
FACIES_4 1 3934.30000 3935.45000
FACIES_4 1 3935.45000 3936.44000
FACIES_4 1 3936.44000 3937.83000
FACIES_4 1 3937.83000 3938.46000
FACIES_4 1 3938.46000 3938.95000
BIOZONES 1 3920.61000 3938.95000
SEQUENCE 6 3913.95000 3920.61000
SEQUENCE 5 3920.61000 3922.86000
SEQUENCE 4 3922.86000 3938.95000
